1.000000000000000000e+00 1.000000000000000000e+00 0.000000000000000000e+00 0.000000000000000000e+00
0.000000000000000000e+00 1.000000000000000000e+00 1.000000000000000000e+00 0.000000000000000000e+00
0.000000000000000000e+00 0.000000000000000000e+00 1.000000000000000000e+00 1.000000000000000000e+00
1.000000000000000000e+00 0.000000000000000000e+00 0.000000000000000000e+00 1.000000000000000000e+00
1.000000000000000000e+00 7.163919980543630439e-01 0.000000000000000000e+00 3.028119834655278453e-01
7.163919980543630439e-01 1.000000000000000000e+00 3.028119834655278453e-01 0.000000000000000000e+00
3.028119834655278453e-01 1.000000000000000000e+00 7.163919980543630439e-01 0.000000000000000000e+00
0.000000000000000000e+00 7.163919980543630439e-01 1.000000000000000000e+00 3.028119834655283449e-01
0.000000000000000000e+00 3.028119834655278453e-01 1.000000000000000000e+00 7.163919980543630439e-01
3.028119834655274567e-01 0.000000000000000000e+00 7.163919980543629329e-01 1.000000000000000000e+00
7.163919980543630439e-01 0.000000000000000000e+00 3.028119834655278453e-01 1.000000000000000000e+00
1.000000000000000000e+00 3.028119834655274567e-01 0.000000000000000000e+00 7.163919980543629329e-01
1.000000000000000000e+00 6.507851674072009374e-01 0.000000000000000000e+00 3.840347992920924991e-01
1.000000000000000000e+00 1.000000000000000000e+00 0.000000000000000000e+00 0.000000000000000000e+00
6.507851674072009374e-01 1.000000000000000000e+00 3.840347992920931652e-01 0.000000000000000000e+00
3.840347992920931652e-01 1.000000000000000000e+00 6.507851674072009374e-01 0.000000000000000000e+00
0.000000000000000000e+00 1.000000000000000000e+00 1.000000000000000000e+00 0.000000000000000000e+00
0.000000000000000000e+00 6.507851674072009374e-01 1.000000000000000000e+00 3.840347992920924991e-01
0.000000000000000000e+00 3.840347992920931652e-01 1.000000000000000000e+00 6.507851674072009374e-01
0.000000000000000000e+00 4.485685988163660453e-16 1.000000000000000000e+00 9.999999999999991118e-01
3.840347992920931652e-01 0.000000000000000000e+00 6.507851674072009374e-01 1.000000000000000000e+00
6.507851674072009374e-01 0.000000000000000000e+00 3.840347992920934428e-01 1.000000000000000000e+00
1.000000000000000000e+00 0.000000000000000000e+00 0.000000000000000000e+00 1.000000000000000000e+00
1.000000000000000000e+00 3.840347992920921660e-01 0.000000000000000000e+00 6.507851674072009374e-01
1.000000000000000000e+00 6.241109664969544113e-01 0.000000000000000000e+00 4.270458352436117266e-01
1.000000000000000000e+00 8.453255008168236717e-01 0.000000000000000000e+00 1.797207013724429481e-01
8.453255008168237827e-01 1.000000000000000000e+00 1.797207013724434199e-01 0.000000000000000000e+00
6.241109664969544113e-01 1.000000000000000000e+00 4.270458352436117266e-01 0.000000000000000000e+00
4.270458352436117266e-01 1.000000000000000000e+00 6.241109664969544113e-01 0.000000000000000000e+00
1.797207013724436975e-01 1.000000000000000000e+00 8.453255008168237827e-01 0.000000000000000000e+00
0.000000000000000000e+00 8.453255008168237827e-01 1.000000000000000000e+00 1.797207013724436975e-01
0.000000000000000000e+00 6.241109664969546333e-01 1.000000000000000000e+00 4.270458352436117266e-01
0.000000000000000000e+00 4.270458352436117266e-01 1.000000000000000000e+00 6.241109664969546333e-01
0.000000000000000000e+00 1.797207013724434199e-01 1.000000000000000000e+00 8.453255008168237827e-01
1.797207013724434199e-01 0.000000000000000000e+00 8.453255008168237827e-01 1.000000000000000000e+00
4.270458352436115046e-01 0.000000000000000000e+00 6.241109664969547444e-01 1.000000000000000000e+00
6.241109664969544113e-01 0.000000000000000000e+00 4.270458352436117266e-01 1.000000000000000000e+00
8.453255008168235607e-01 0.000000000000000000e+00 1.797207013724436975e-01 1.000000000000000000e+00
1.000000000000000000e+00 1.797207013724434199e-01 0.000000000000000000e+00 8.453255008168237827e-01
1.000000000000000000e+00 4.270458352436113936e-01 0.000000000000000000e+00 6.241109664969546333e-01
1.000000000000000000e+00 6.128727187743817639e-01 0.000000000000000000e+00 4.571841359621722223e-01
1.000000000000000000e+00 7.761161866540337018e-01 0.000000000000000000e+00 2.719494369024715863e-01
1.000000000000000000e+00 1.000000000000000000e+00 0.000000000000000000e+00 0.000000000000000000e+00
7.761161866540337018e-01 1.000000000000000000e+00 2.719494369024718083e-01 0.000000000000000000e+00
6.128727187743817639e-01 1.000000000000000000e+00 4.571841359621723888e-01 0.000000000000000000e+00
4.571841359621723888e-01 1.000000000000000000e+00 6.128727187743817639e-01 0.000000000000000000e+00
2.719494369024714753e-01 1.000000000000000000e+00 7.761161866540335907e-01 0.000000000000000000e+00
0.000000000000000000e+00 1.000000000000000000e+00 1.000000000000000000e+00 0.000000000000000000e+00
0.000000000000000000e+00 7.761161866540337018e-01 1.000000000000000000e+00 2.719494369024718083e-01
0.000000000000000000e+00 6.128727187743817639e-01 1.000000000000000000e+00 4.571841359621723888e-01
0.000000000000000000e+00 4.571841359621723888e-01 1.000000000000000000e+00 6.128727187743817639e-01
0.000000000000000000e+00 2.719494369024718083e-01 1.000000000000000000e+00 7.761161866540337018e-01
0.000000000000000000e+00 0.000000000000000000e+00 1.000000000000000000e+00 1.000000000000000000e+00
2.719494369024715863e-01 0.000000000000000000e+00 7.761161866540337018e-01 1.000000000000000000e+00
4.571841359621722223e-01 0.000000000000000000e+00 6.128727187743817639e-01 1.000000000000000000e+00
6.128727187743816529e-01 0.000000000000000000e+00 4.571841359621723888e-01 1.000000000000000000e+00
7.761161866540337018e-01 0.000000000000000000e+00 2.719494369024718083e-01 1.000000000000000000e+00
1.000000000000000000e+00 0.000000000000000000e+00 0.000000000000000000e+00 1.000000000000000000e+00
1.000000000000000000e+00 2.719494369024715863e-01 0.000000000000000000e+00 7.761161866540337018e-01
1.000000000000000000e+00 4.571841359621722223e-01 0.000000000000000000e+00 6.128727187743817639e-01
1.000000000000000000e+00 6.109759518582641435e-01 0.000000000000000000e+00 4.832949964712203172e-01
1.000000000000000000e+00 7.395614874746074818e-01 0.000000000000000000e+00 3.344503340290262972e-01
1.000000000000000000e+00 8.963947059757479963e-01 0.000000000000000000e+00 1.352290744262319433e-01
8.963947059757486624e-01 1.000000000000000000e+00 1.352290744262324151e-01 0.000000000000000000e+00
7.395614874746074818e-01 1.000000000000000000e+00 3.344503340290264637e-01 0.000000000000000000e+00
6.109759518582641435e-01 1.000000000000000000e+00 4.832949964712203172e-01 0.000000000000000000e+00
4.832949964712203172e-01 1.000000000000000000e+00 6.109759518582641435e-01 0.000000000000000000e+00
3.344503340290264637e-01 1.000000000000000000e+00 7.395614874746073708e-01 0.000000000000000000e+00
1.352290744262319433e-01 1.000000000000000000e+00 8.963947059757482183e-01 0.000000000000000000e+00
0.000000000000000000e+00 8.963947059757482183e-01 1.000000000000000000e+00 1.352290744262319433e-01
0.000000000000000000e+00 7.395614874746074818e-01 1.000000000000000000e+00 3.344503340290264637e-01
0.000000000000000000e+00 6.109759518582641435e-01 1.000000000000000000e+00 4.832949964712203172e-01
0.000000000000000000e+00 4.832949964712203172e-01 1.000000000000000000e+00 6.109759518582641435e-01
0.000000000000000000e+00 3.344503340290264637e-01 1.000000000000000000e+00 7.395614874746074818e-01
0.000000000000000000e+00 1.352290744262324151e-01 1.000000000000000000e+00 8.963947059757486624e-01
1.352290744262319433e-01 0.000000000000000000e+00 8.963947059757479963e-01 1.000000000000000000e+00
3.344503340290264637e-01 0.000000000000000000e+00 7.395614874746071488e-01 1.000000000000000000e+00
4.832949964712203172e-01 0.000000000000000000e+00 6.109759518582640325e-01 1.000000000000000000e+00
6.109759518582638105e-01 0.000000000000000000e+00 4.832949964712204838e-01 1.000000000000000000e+00
7.395614874746072598e-01 0.000000000000000000e+00 3.344503340290266857e-01 1.000000000000000000e+00
8.963947059757475522e-01 0.000000000000000000e+00 1.352290744262331090e-01 1.000000000000000000e+00
1.000000000000000000e+00 1.352290744262324151e-01 0.000000000000000000e+00 8.963947059757482183e-01
1.000000000000000000e+00 3.344503340290264637e-01 0.000000000000000000e+00 7.395614874746071488e-01
1.000000000000000000e+00 4.832949964712203172e-01 0.000000000000000000e+00 6.109759518582640325e-01
1.000000000000000000e+00 6.190308781689557449e-01 0.000000000000000000e+00 5.127954965289158729e-01
1.000000000000000000e+00 7.221895905688487938e-01 0.000000000000000000e+00 3.879037789990030793e-01
1.000000000000000000e+00 8.403451763143741093e-01 0.000000000000000000e+00 2.272127379317422091e-01
1.000000000000000000e+00 9.999999999999996669e-01 4.693913813499947943e-16 0.000000000000000000e+00
8.403451763143741093e-01 1.000000000000000000e+00 2.272127379317422091e-01 0.000000000000000000e+00
7.221895905688489048e-01 1.000000000000000000e+00 3.879037789990030238e-01 0.000000000000000000e+00
6.190308781689556339e-01 1.000000000000000000e+00 5.127954965289163169e-01 0.000000000000000000e+00
5.127954965289163169e-01 1.000000000000000000e+00 6.190308781689556339e-01 0.000000000000000000e+00
3.879037789990030238e-01 1.000000000000000000e+00 7.221895905688489048e-01 0.000000000000000000e+00
2.272127379317422091e-01 1.000000000000000000e+00 8.403451763143739983e-01 0.000000000000000000e+00
0.000000000000000000e+00 1.000000000000000000e+00 1.000000000000000000e+00 0.000000000000000000e+00
0.000000000000000000e+00 8.403451763143741093e-01 1.000000000000000000e+00 2.272127379317422091e-01
0.000000000000000000e+00 7.221895905688487938e-01 1.000000000000000000e+00 3.879037789990033569e-01
0.000000000000000000e+00 6.190308781689557449e-01 1.000000000000000000e+00 5.127954965289160949e-01
0.000000000000000000e+00 5.127954965289160949e-01 1.000000000000000000e+00 6.190308781689557449e-01
0.000000000000000000e+00 3.879037789990030793e-01 1.000000000000000000e+00 7.221895905688487938e-01
0.000000000000000000e+00 2.272127379317425144e-01 1.000000000000000000e+00 8.403451763143741093e-01
0.000000000000000000e+00 4.693913813499949915e-16 1.000000000000000000e+00 1.000000000000000000e+00
2.272127379317419316e-01 0.000000000000000000e+00 8.403451763143738873e-01 1.000000000000000000e+00
3.879037789990030238e-01 0.000000000000000000e+00 7.221895905688486828e-01 1.000000000000000000e+00
5.127954965289158729e-01 0.000000000000000000e+00 6.190308781689557449e-01 1.000000000000000000e+00
6.190308781689556339e-01 0.000000000000000000e+00 5.127954965289160949e-01 1.000000000000000000e+00
7.221895905688486828e-01 0.000000000000000000e+00 3.879037789990030793e-01 1.000000000000000000e+00
8.403451763143737763e-01 0.000000000000000000e+00 2.272127379317425144e-01 1.000000000000000000e+00
1.000000000000000000e+00 0.000000000000000000e+00 0.000000000000000000e+00 1.000000000000000000e+00
1.000000000000000000e+00 2.272127379317422091e-01 0.000000000000000000e+00 8.403451763143741093e-01
1.000000000000000000e+00 3.879037789990030238e-01 0.000000000000000000e+00 7.221895905688486828e-01
1.000000000000000000e+00 5.127954965289158729e-01 0.000000000000000000e+00 6.190308781689557449e-01
9.935661753952124142e-01 1.948360824588774853e-01 1.000000000000000000e+00 0.000000000000000000e+00
9.681909445447137719e-01 4.820824961219299376e-01 1.000000000000000000e+00 0.000000000000000000e+00
1.000000000000000000e+00 8.146655541820577717e-01 0.000000000000000000e+00 3.203272802333185232e-01
1.000000000000000000e+00 9.260718585963958471e-01 0.000000000000000000e+00 1.239707277554624593e-01
9.260718585963959582e-01 1.000000000000000000e+00 1.239707277554620984e-01 0.000000000000000000e+00
8.146655541820578827e-01 1.000000000000000000e+00 3.203272802333185232e-01 0.000000000000000000e+00
4.820824961219299376e-01 9.681909445447137719e-01 0.000000000000000000e+00 1.000000000000000000e+00
1.948360824588774853e-01 9.935661753952124142e-01 0.000000000000000000e+00 1.000000000000000000e+00
0.000000000000000000e+00 9.935661753952124142e-01 1.948360824588772355e-01 1.000000000000000000e+00
0.000000000000000000e+00 9.681909445447137719e-01 4.820824961219295490e-01 1.000000000000000000e+00
3.203272802333185232e-01 1.000000000000000000e+00 8.146655541820578827e-01 0.000000000000000000e+00
1.239707277554627785e-01 1.000000000000000000e+00 9.260718585963957361e-01 0.000000000000000000e+00
0.000000000000000000e+00 9.260718585963962912e-01 1.000000000000000000e+00 1.239707277554621123e-01
0.000000000000000000e+00 8.146655541820578827e-01 1.000000000000000000e+00 3.203272802333185232e-01
1.000000000000000000e+00 4.820824961219301596e-01 9.681909445447137719e-01 0.000000000000000000e+00
1.000000000000000000e+00 1.948360824588779572e-01 9.935661753952124142e-01 0.000000000000000000e+00
1.000000000000000000e+00 0.000000000000000000e+00 9.935661753952124142e-01 1.948360824588774853e-01
1.000000000000000000e+00 0.000000000000000000e+00 9.681909445447137719e-01 4.820824961219295490e-01
0.000000000000000000e+00 3.203272802333185232e-01 1.000000000000000000e+00 8.146655541820578827e-01
0.000000000000000000e+00 1.239707277554628062e-01 1.000000000000000000e+00 9.260718585963958471e-01
1.239707277554621123e-01 0.000000000000000000e+00 9.260718585963962912e-01 1.000000000000000000e+00
3.203272802333185232e-01 0.000000000000000000e+00 8.146655541820576607e-01 1.000000000000000000e+00
0.000000000000000000e+00 1.000000000000000000e+00 4.820824961219306592e-01 9.681909445447135498e-01
0.000000000000000000e+00 1.000000000000000000e+00 1.948360824588783180e-01 9.935661753952124142e-01
1.948360824588766249e-01 1.000000000000000000e+00 0.000000000000000000e+00 9.935661753952124142e-01
4.820824961219295490e-01 1.000000000000000000e+00 0.000000000000000000e+00 9.681909445447137719e-01
8.146655541820578827e-01 0.000000000000000000e+00 3.203272802333185232e-01 1.000000000000000000e+00
9.260718585963954030e-01 0.000000000000000000e+00 1.239707277554631393e-01 1.000000000000000000e+00
1.000000000000000000e+00 1.239707277554621262e-01 0.000000000000000000e+00 9.260718585963964022e-01
1.000000000000000000e+00 3.203272802333185232e-01 0.000000000000000000e+00 8.146655541820576607e-01
9.681909445447135498e-01 0.000000000000000000e+00 1.000000000000000000e+00 4.820824961219306592e-01
9.935661753952124142e-01 0.000000000000000000e+00 1.000000000000000000e+00 1.948360824588770135e-01
9.795095647413638584e-01 3.481337410579719440e-16 1.000000000000000000e+00 0.000000000000000000e+00
9.691808822018520564e-01 3.529505052740468107e-01 1.000000000000000000e+00 0.000000000000000000e+00
9.389987053543050743e-01 5.879136400231411708e-01 1.000000000000000000e+00 0.000000000000000000e+00
8.985162760462400700e-01 7.467748318465479151e-01 1.000000000000000000e+00 0.000000000000000000e+00
1.000000000000000000e+00 1.000000000000000000e+00 0.000000000000000000e+00 0.000000000000000000e+00
7.467748318465479151e-01 8.985162760462399589e-01 0.000000000000000000e+00 1.000000000000000000e+00
5.879136400231411708e-01 9.389987053543050743e-01 0.000000000000000000e+00 1.000000000000000000e+00
3.529505052740468107e-01 9.691808822018520564e-01 0.000000000000000000e+00 1.000000000000000000e+00
0.000000000000000000e+00 9.795095647413638584e-01 0.000000000000000000e+00 1.000000000000000000e+00
0.000000000000000000e+00 9.691808822018522784e-01 3.529505052740465332e-01 1.000000000000000000e+00
0.000000000000000000e+00 9.389987053543050743e-01 5.879136400231408377e-01 1.000000000000000000e+00
0.000000000000000000e+00 8.985162760462401810e-01 7.467748318465478041e-01 1.000000000000000000e+00
6.787570901204947961e-16 1.000000000000000000e+00 1.000000000000000000e+00 0.000000000000000000e+00
1.000000000000000000e+00 7.467748318465479151e-01 8.985162760462399589e-01 0.000000000000000000e+00
1.000000000000000000e+00 5.879136400231411708e-01 9.389987053543050743e-01 0.000000000000000000e+00
1.000000000000000000e+00 3.529505052740471438e-01 9.691808822018520564e-01 0.000000000000000000e+00
1.000000000000000000e+00 0.000000000000000000e+00 9.795095647413638584e-01 0.000000000000000000e+00
1.000000000000000000e+00 0.000000000000000000e+00 9.691808822018522784e-01 3.529505052740465332e-01
1.000000000000000000e+00 0.000000000000000000e+00 9.389987053543050743e-01 5.879136400231407267e-01
1.000000000000000000e+00 0.000000000000000000e+00 8.985162760462400700e-01 7.467748318465479151e-01
0.000000000000000000e+00 1.357514180240988409e-15 1.000000000000000000e+00 9.999999999999995559e-01
0.000000000000000000e+00 1.000000000000000000e+00 7.467748318465479151e-01 8.985162760462402920e-01
0.000000000000000000e+00 1.000000000000000000e+00 5.879136400231416149e-01 9.389987053543051854e-01
0.000000000000000000e+00 1.000000000000000000e+00 3.529505052740474214e-01 9.691808822018520564e-01
0.000000000000000000e+00 1.000000000000000000e+00 3.481337410579719440e-16 9.795095647413638584e-01
3.529505052740457005e-01 1.000000000000000000e+00 0.000000000000000000e+00 9.691808822018522784e-01
5.879136400231405046e-01 1.000000000000000000e+00 0.000000000000000000e+00 9.389987053543050743e-01
7.467748318465475821e-01 1.000000000000000000e+00 0.000000000000000000e+00 8.985162760462401810e-01
1.000000000000000000e+00 0.000000000000000000e+00 0.000000000000000000e+00 1.000000000000000000e+00
8.985162760462397369e-01 0.000000000000000000e+00 1.000000000000000000e+00 7.467748318465483592e-01
9.389987053543051854e-01 0.000000000000000000e+00 1.000000000000000000e+00 5.879136400231416149e-01
9.691808822018521674e-01 0.000000000000000000e+00 1.000000000000000000e+00 3.529505052740489202e-01
9.533646919407281484e-01 1.934792939697292380e-01 1.000000000000000000e+00 0.000000000000000000e+00
9.368811702365935634e-01 4.795338031294748560e-01 1.000000000000000000e+00 0.000000000000000000e+00
9.063550378757480042e-01 6.733791142088453308e-01 1.000000000000000000e+00 0.000000000000000000e+00
3.371099791517850885e-01 0.000000000000000000e+00 1.000000000000000000e+00 1.000000000000000000e+00
0.000000000000000000e+00 3.371099791517847000e-01 1.000000000000000000e+00 1.000000000000000000e+00
6.733791142088453308e-01 9.063550378757477821e-01 0.000000000000000000e+00 1.000000000000000000e+00
4.795338031294746894e-01 9.368811702365935634e-01 0.000000000000000000e+00 1.000000000000000000e+00
1.934792939697292380e-01 9.533646919407281484e-01 0.000000000000000000e+00 1.000000000000000000e+00
0.000000000000000000e+00 9.533646919407281484e-01 1.934792939697285441e-01 1.000000000000000000e+00
0.000000000000000000e+00 9.368811702365938965e-01 4.795338031294745229e-01 1.000000000000000000e+00
0.000000000000000000e+00 9.063550378757480042e-01 6.733791142088453308e-01 1.000000000000000000e+00
1.000000000000000000e+00 3.371099791517861988e-01 0.000000000000000000e+00 1.000000000000000000e+00
1.000000000000000000e+00 0.000000000000000000e+00 3.371099791517850885e-01 1.000000000000000000e+00
1.000000000000000000e+00 6.733791142088452197e-01 9.063550378757477821e-01 0.000000000000000000e+00
1.000000000000000000e+00 4.795338031294753001e-01 9.368811702365938965e-01 0.000000000000000000e+00
1.000000000000000000e+00 1.934792939697299041e-01 9.533646919407281484e-01 0.000000000000000000e+00
1.000000000000000000e+00 0.000000000000000000e+00 9.533646919407281484e-01 1.934792939697292380e-01
1.000000000000000000e+00 0.000000000000000000e+00 9.368811702365938965e-01 4.795338031294745229e-01
1.000000000000000000e+00 0.000000000000000000e+00 9.063550378757480042e-01 6.733791142088453308e-01
1.000000000000000000e+00 1.000000000000000000e+00 3.371099791517856437e-01 0.000000000000000000e+00
1.000000000000000000e+00 1.000000000000000000e+00 0.000000000000000000e+00 3.371099791517847000e-01
0.000000000000000000e+00 1.000000000000000000e+00 6.733791142088453308e-01 9.063550378757477821e-01
0.000000000000000000e+00 1.000000000000000000e+00 4.795338031294756886e-01 9.368811702365937855e-01
0.000000000000000000e+00 1.000000000000000000e+00 1.934792939697302094e-01 9.533646919407281484e-01
1.934792939697281833e-01 1.000000000000000000e+00 0.000000000000000000e+00 9.533646919407282594e-01
4.795338031294745229e-01 1.000000000000000000e+00 0.000000000000000000e+00 9.368811702365938965e-01
6.733791142088451087e-01 1.000000000000000000e+00 0.000000000000000000e+00 9.063550378757480042e-01
0.000000000000000000e+00 1.000000000000000000e+00 1.000000000000000000e+00 3.371099791517876976e-01
3.371099791517841449e-01 1.000000000000000000e+00 1.000000000000000000e+00 0.000000000000000000e+00
9.063550378757477821e-01 0.000000000000000000e+00 1.000000000000000000e+00 6.733791142088453308e-01
9.368811702365937855e-01 0.000000000000000000e+00 1.000000000000000000e+00 4.795338031294756886e-01
9.533646919407281484e-01 0.000000000000000000e+00 1.000000000000000000e+00 1.934792939697285441e-01
9.207874274840867068e-01 3.758530541247321777e-16 1.000000000000000000e+00 0.000000000000000000e+00
9.224237162464874462e-01 3.483332104977381882e-01 1.000000000000000000e+00 0.000000000000000000e+00
9.044706943672196076e-01 5.848970496606741287e-01 1.000000000000000000e+00 0.000000000000000000e+00
5.219855819059584512e-01 0.000000000000000000e+00 1.000000000000000000e+00 1.000000000000000000e+00
0.000000000000000000e+00 0.000000000000000000e+00 1.000000000000000000e+00 1.000000000000000000e+00
0.000000000000000000e+00 5.219855819059584512e-01 1.000000000000000000e+00 1.000000000000000000e+00
5.848970496606739067e-01 9.044706943672194965e-01 0.000000000000000000e+00 1.000000000000000000e+00
3.483332104977379662e-01 9.224237162464875572e-01 0.000000000000000000e+00 1.000000000000000000e+00
0.000000000000000000e+00 9.207874274840867068e-01 0.000000000000000000e+00 1.000000000000000000e+00
0.000000000000000000e+00 9.224237162464875572e-01 3.483332104977379662e-01 1.000000000000000000e+00
0.000000000000000000e+00 9.044706943672194965e-01 5.848970496606739067e-01 1.000000000000000000e+00
1.000000000000000000e+00 5.219855819059586732e-01 0.000000000000000000e+00 1.000000000000000000e+00
1.000000000000000000e+00 0.000000000000000000e+00 5.768741640881237147e-16 1.000000000000000000e+00
1.000000000000000000e+00 0.000000000000000000e+00 5.219855819059581181e-01 1.000000000000000000e+00
1.000000000000000000e+00 5.848970496606739067e-01 9.044706943672194965e-01 0.000000000000000000e+00
1.000000000000000000e+00 3.483332104977385213e-01 9.224237162464874462e-01 0.000000000000000000e+00
1.000000000000000000e+00 0.000000000000000000e+00 9.207874274840867068e-01 0.000000000000000000e+00
1.000000000000000000e+00 0.000000000000000000e+00 9.224237162464875572e-01 3.483332104977379662e-01
1.000000000000000000e+00 0.000000000000000000e+00 9.044706943672196076e-01 5.848970496606736846e-01
1.000000000000000000e+00 1.000000000000000000e+00 5.219855819059586732e-01 0.000000000000000000e+00
1.000000000000000000e+00 1.000000000000000000e+00 2.307496656352493675e-15 0.000000000000000000e+00
1.000000000000000000e+00 1.000000000000000000e+00 0.000000000000000000e+00 5.219855819059586732e-01
0.000000000000000000e+00 1.000000000000000000e+00 5.848970496606743508e-01 9.044706943672193855e-01
0.000000000000000000e+00 1.000000000000000000e+00 3.483332104977386878e-01 9.224237162464873352e-01
0.000000000000000000e+00 1.000000000000000000e+00 3.758530541247321777e-16 9.207874274840867068e-01
3.483332104977369115e-01 1.000000000000000000e+00 0.000000000000000000e+00 9.224237162464875572e-01
5.848970496606733516e-01 1.000000000000000000e+00 0.000000000000000000e+00 9.044706943672196076e-01
0.000000000000000000e+00 1.000000000000000000e+00 1.000000000000000000e+00 5.219855819059590063e-01
0.000000000000000000e+00 1.000000000000000000e+00 1.000000000000000000e+00 5.768741640881237147e-16
5.219855819059572299e-01 1.000000000000000000e+00 1.000000000000000000e+00 0.000000000000000000e+00
9.044706943672193855e-01 0.000000000000000000e+00 1.000000000000000000e+00 5.848970496606743508e-01
9.224237162464873352e-01 0.000000000000000000e+00 1.000000000000000000e+00 3.483332104977398536e-01
8.950514620131116983e-01 1.907474600178825364e-01 1.000000000000000000e+00 0.000000000000000000e+00
8.927774223533893050e-01 4.788293151654757773e-01 1.000000000000000000e+00 0.000000000000000000e+00
6.245822384050314646e-01 0.000000000000000000e+00 1.000000000000000000e+00 1.000000000000000000e+00
2.809442914851957296e-01 0.000000000000000000e+00 1.000000000000000000e+00 1.000000000000000000e+00
0.000000000000000000e+00 2.809442914851953410e-01 1.000000000000000000e+00 1.000000000000000000e+00
0.000000000000000000e+00 6.245822384050314646e-01 1.000000000000000000e+00 1.000000000000000000e+00
4.788293151654754998e-01 8.927774223533891940e-01 0.000000000000000000e+00 1.000000000000000000e+00
1.907474600178822866e-01 8.950514620131116983e-01 0.000000000000000000e+00 1.000000000000000000e+00
0.000000000000000000e+00 8.950514620131116983e-01 1.907474600178819812e-01 1.000000000000000000e+00
0.000000000000000000e+00 8.927774223533891940e-01 4.788293151654754998e-01 1.000000000000000000e+00
1.000000000000000000e+00 6.245822384050316867e-01 0.000000000000000000e+00 1.000000000000000000e+00
1.000000000000000000e+00 2.809442914851964512e-01 0.000000000000000000e+00 1.000000000000000000e+00
1.000000000000000000e+00 0.000000000000000000e+00 2.809442914851943418e-01 1.000000000000000000e+00
1.000000000000000000e+00 0.000000000000000000e+00 6.245822384050314646e-01 1.000000000000000000e+00
1.000000000000000000e+00 4.788293151654759994e-01 8.927774223533890829e-01 0.000000000000000000e+00
1.000000000000000000e+00 1.907474600178831470e-01 8.950514620131116983e-01 0.000000000000000000e+00
1.000000000000000000e+00 0.000000000000000000e+00 8.950514620131116983e-01 1.907474600178822866e-01
1.000000000000000000e+00 0.000000000000000000e+00 8.927774223533891940e-01 4.788293151654753887e-01
1.000000000000000000e+00 1.000000000000000000e+00 6.245822384050314646e-01 0.000000000000000000e+00
1.000000000000000000e+00 1.000000000000000000e+00 2.809442914851964512e-01 0.000000000000000000e+00
1.000000000000000000e+00 1.000000000000000000e+00 0.000000000000000000e+00 2.809442914851943418e-01
1.000000000000000000e+00 1.000000000000000000e+00 0.000000000000000000e+00 6.245822384050316867e-01
0.000000000000000000e+00 1.000000000000000000e+00 4.788293151654765545e-01 8.927774223533891940e-01
0.000000000000000000e+00 1.000000000000000000e+00 1.907474600178831470e-01 8.950514620131116983e-01
1.907474600178813706e-01 1.000000000000000000e+00 0.000000000000000000e+00 8.950514620131118093e-01
4.788293151654753887e-01 1.000000000000000000e+00 0.000000000000000000e+00 8.927774223533891940e-01
0.000000000000000000e+00 1.000000000000000000e+00 1.000000000000000000e+00 6.245822384050316867e-01
0.000000000000000000e+00 1.000000000000000000e+00 1.000000000000000000e+00 2.809442914851967843e-01
2.809442914851945083e-01 1.000000000000000000e+00 1.000000000000000000e+00 0.000000000000000000e+00
6.245822384050316867e-01 1.000000000000000000e+00 1.000000000000000000e+00 0.000000000000000000e+00
8.927774223533891940e-01 0.000000000000000000e+00 1.000000000000000000e+00 4.788293151654765545e-01
8.950514620131116983e-01 0.000000000000000000e+00 1.000000000000000000e+00 1.907474600178819812e-01
8.535996685346941559e-01 0.000000000000000000e+00 1.000000000000000000e+00 0.000000000000000000e+00
8.705571985228750531e-01 3.513964606376730471e-01 1.000000000000000000e+00 0.000000000000000000e+00
6.807853901873074376e-01 0.000000000000000000e+00 1.000000000000000000e+00 1.000000000000000000e+00
4.437978621429351511e-01 0.000000000000000000e+00 1.000000000000000000e+00 1.000000000000000000e+00
0.000000000000000000e+00 0.000000000000000000e+00 1.000000000000000000e+00 1.000000000000000000e+00
0.000000000000000000e+00 4.437978621429347070e-01 1.000000000000000000e+00 1.000000000000000000e+00
0.000000000000000000e+00 6.807853901873075486e-01 1.000000000000000000e+00 1.000000000000000000e+00
3.513964606376728250e-01 8.705571985228749421e-01 0.000000000000000000e+00 1.000000000000000000e+00
0.000000000000000000e+00 8.535996685346941559e-01 0.000000000000000000e+00 1.000000000000000000e+00
0.000000000000000000e+00 8.705571985228749421e-01 3.513964606376728250e-01 1.000000000000000000e+00
1.000000000000000000e+00 6.807853901873076596e-01 0.000000000000000000e+00 1.000000000000000000e+00
1.000000000000000000e+00 4.437978621429355397e-01 0.000000000000000000e+00 1.000000000000000000e+00
1.000000000000000000e+00 0.000000000000000000e+00 0.000000000000000000e+00 1.000000000000000000e+00
1.000000000000000000e+00 0.000000000000000000e+00 4.437978621429347070e-01 1.000000000000000000e+00
1.000000000000000000e+00 0.000000000000000000e+00 6.807853901873075486e-01 1.000000000000000000e+00
1.000000000000000000e+00 3.513964606376733246e-01 8.705571985228750531e-01 0.000000000000000000e+00
1.000000000000000000e+00 0.000000000000000000e+00 8.535996685346941559e-01 0.000000000000000000e+00
1.000000000000000000e+00 0.000000000000000000e+00 8.705571985228749421e-01 3.513964606376728250e-01
1.000000000000000000e+00 1.000000000000000000e+00 6.807853901873078817e-01 0.000000000000000000e+00
1.000000000000000000e+00 1.000000000000000000e+00 4.437978621429355397e-01 0.000000000000000000e+00
1.000000000000000000e+00 1.000000000000000000e+00 4.210102531709563892e-16 0.000000000000000000e+00
1.000000000000000000e+00 1.000000000000000000e+00 0.000000000000000000e+00 4.437978621429355397e-01
1.000000000000000000e+00 1.000000000000000000e+00 0.000000000000000000e+00 6.807853901873071045e-01
0.000000000000000000e+00 1.000000000000000000e+00 3.513964606376735467e-01 8.705571985228750531e-01
0.000000000000000000e+00 1.000000000000000000e+00 0.000000000000000000e+00 8.535996685346941559e-01
3.513964606376715483e-01 1.000000000000000000e+00 0.000000000000000000e+00 8.705571985228749421e-01
0.000000000000000000e+00 1.000000000000000000e+00 1.000000000000000000e+00 6.807853901873081037e-01
0.000000000000000000e+00 1.000000000000000000e+00 1.000000000000000000e+00 4.437978621429357062e-01
0.000000000000000000e+00 1.000000000000000000e+00 1.000000000000000000e+00 0.000000000000000000e+00
4.437978621429335413e-01 1.000000000000000000e+00 1.000000000000000000e+00 0.000000000000000000e+00
6.807853901873071045e-01 1.000000000000000000e+00 1.000000000000000000e+00 0.000000000000000000e+00
8.705571985228750531e-01 0.000000000000000000e+00 1.000000000000000000e+00 3.513964606376750455e-01
8.367578657951748600e-01 1.969225938923625796e-01 1.000000000000000000e+00 0.000000000000000000e+00
7.098917137652382969e-01 0.000000000000000000e+00 1.000000000000000000e+00 1.000000000000000000e+00
5.405876894927148513e-01 0.000000000000000000e+00 1.000000000000000000e+00 1.000000000000000000e+00
2.323595712535529434e-01 0.000000000000000000e+00 1.000000000000000000e+00 1.000000000000000000e+00
0.000000000000000000e+00 2.323595712535529434e-01 1.000000000000000000e+00 1.000000000000000000e+00
0.000000000000000000e+00 5.405876894927146292e-01 1.000000000000000000e+00 1.000000000000000000e+00
0.000000000000000000e+00 7.098917137652382969e-01 1.000000000000000000e+00 1.000000000000000000e+00
1.969225938923622743e-01 8.367578657951748600e-01 0.000000000000000000e+00 1.000000000000000000e+00
0.000000000000000000e+00 8.367578657951748600e-01 1.969225938923620245e-01 1.000000000000000000e+00
1.000000000000000000e+00 7.098917137652384080e-01 0.000000000000000000e+00 1.000000000000000000e+00
1.000000000000000000e+00 5.405876894927148513e-01 0.000000000000000000e+00 1.000000000000000000e+00
1.000000000000000000e+00 2.323595712535538316e-01 0.000000000000000000e+00 1.000000000000000000e+00
1.000000000000000000e+00 0.000000000000000000e+00 2.323595712535523050e-01 1.000000000000000000e+00
1.000000000000000000e+00 0.000000000000000000e+00 5.405876894927148513e-01 1.000000000000000000e+00
1.000000000000000000e+00 0.000000000000000000e+00 7.098917137652380749e-01 1.000000000000000000e+00
1.000000000000000000e+00 1.969225938923634678e-01 8.367578657951749710e-01 0.000000000000000000e+00
1.000000000000000000e+00 0.000000000000000000e+00 8.367578657951748600e-01 1.969225938923622743e-01
1.000000000000000000e+00 1.000000000000000000e+00 7.098917137652384080e-01 0.000000000000000000e+00
1.000000000000000000e+00 1.000000000000000000e+00 5.405876894927146292e-01 0.000000000000000000e+00
1.000000000000000000e+00 1.000000000000000000e+00 2.323595712535538316e-01 0.000000000000000000e+00
1.000000000000000000e+00 1.000000000000000000e+00 0.000000000000000000e+00 2.323595712535523883e-01
1.000000000000000000e+00 1.000000000000000000e+00 0.000000000000000000e+00 5.405876894927146292e-01
1.000000000000000000e+00 1.000000000000000000e+00 0.000000000000000000e+00 7.098917137652377418e-01
0.000000000000000000e+00 1.000000000000000000e+00 1.969225938923634678e-01 8.367578657951749710e-01
1.969225938923614694e-01 1.000000000000000000e+00 0.000000000000000000e+00 8.367578657951748600e-01
0.000000000000000000e+00 1.000000000000000000e+00 1.000000000000000000e+00 7.098917137652387410e-01
0.000000000000000000e+00 1.000000000000000000e+00 1.000000000000000000e+00 5.405876894927148513e-01
0.000000000000000000e+00 1.000000000000000000e+00 1.000000000000000000e+00 2.323595712535548863e-01
2.323595712535523050e-01 1.000000000000000000e+00 1.000000000000000000e+00 0.000000000000000000e+00
5.405876894927148513e-01 1.000000000000000000e+00 1.000000000000000000e+00 0.000000000000000000e+00
7.098917137652377418e-01 1.000000000000000000e+00 1.000000000000000000e+00 0.000000000000000000e+00
8.367578657951748600e-01 0.000000000000000000e+00 1.000000000000000000e+00 1.969225938923617747e-01
7.902563489351018822e-01 3.859286312078381373e-16 1.000000000000000000e+00 0.000000000000000000e+00
7.233362867278239072e-01 0.000000000000000000e+00 1.000000000000000000e+00 1.000000000000000000e+00
5.984164961857506571e-01 0.000000000000000000e+00 1.000000000000000000e+00 1.000000000000000000e+00
3.761737829078622974e-01 0.000000000000000000e+00 1.000000000000000000e+00 1.000000000000000000e+00
0.000000000000000000e+00 0.000000000000000000e+00 1.000000000000000000e+00 1.000000000000000000e+00
0.000000000000000000e+00 3.761737829078620199e-01 1.000000000000000000e+00 1.000000000000000000e+00
0.000000000000000000e+00 5.984164961857506571e-01 1.000000000000000000e+00 1.000000000000000000e+00
0.000000000000000000e+00 7.233362867278239072e-01 1.000000000000000000e+00 1.000000000000000000e+00
0.000000000000000000e+00 7.902563489351017711e-01 0.000000000000000000e+00 1.000000000000000000e+00
1.000000000000000000e+00 7.233362867278240183e-01 0.000000000000000000e+00 1.000000000000000000e+00
1.000000000000000000e+00 5.984164961857511011e-01 0.000000000000000000e+00 1.000000000000000000e+00
1.000000000000000000e+00 3.761737829078630746e-01 0.000000000000000000e+00 1.000000000000000000e+00
1.000000000000000000e+00 0.000000000000000000e+00 0.000000000000000000e+00 1.000000000000000000e+00
1.000000000000000000e+00 0.000000000000000000e+00 3.761737829078620199e-01 1.000000000000000000e+00
1.000000000000000000e+00 0.000000000000000000e+00 5.984164961857506571e-01 1.000000000000000000e+00
1.000000000000000000e+00 0.000000000000000000e+00 7.233362867278239072e-01 1.000000000000000000e+00
1.000000000000000000e+00 0.000000000000000000e+00 7.902563489351017711e-01 0.000000000000000000e+00
1.000000000000000000e+00 1.000000000000000000e+00 7.233362867278240183e-01 0.000000000000000000e+00
1.000000000000000000e+00 1.000000000000000000e+00 5.984164961857512122e-01 0.000000000000000000e+00
1.000000000000000000e+00 1.000000000000000000e+00 3.761737829078630746e-01 0.000000000000000000e+00
1.000000000000000000e+00 1.000000000000000000e+00 6.336195710519516454e-16 0.000000000000000000e+00
1.000000000000000000e+00 1.000000000000000000e+00 0.000000000000000000e+00 3.761737829078630746e-01
1.000000000000000000e+00 1.000000000000000000e+00 0.000000000000000000e+00 5.984164961857501019e-01
1.000000000000000000e+00 1.000000000000000000e+00 0.000000000000000000e+00 7.233362867278237962e-01
0.000000000000000000e+00 1.000000000000000000e+00 3.859286312078381373e-16 7.902563489351018822e-01
0.000000000000000000e+00 1.000000000000000000e+00 1.000000000000000000e+00 7.233362867278242403e-01
0.000000000000000000e+00 1.000000000000000000e+00 1.000000000000000000e+00 5.984164961857512122e-01
0.000000000000000000e+00 1.000000000000000000e+00 1.000000000000000000e+00 3.761737829078632411e-01
0.000000000000000000e+00 1.000000000000000000e+00 1.000000000000000000e+00 0.000000000000000000e+00
3.761737829078612982e-01 1.000000000000000000e+00 1.000000000000000000e+00 0.000000000000000000e+00
5.984164961857501019e-01 1.000000000000000000e+00 1.000000000000000000e+00 0.000000000000000000e+00
7.233362867278234631e-01 1.000000000000000000e+00 1.000000000000000000e+00 0.000000000000000000e+00
7.301299557038417598e-01 0.000000000000000000e+00 1.000000000000000000e+00 1.000000000000000000e+00
6.329980561975595554e-01 0.000000000000000000e+00 1.000000000000000000e+00 1.000000000000000000e+00
4.673269066701917218e-01 0.000000000000000000e+00 1.000000000000000000e+00 1.000000000000000000e+00
1.931411915346907260e-01 0.000000000000000000e+00 1.000000000000000000e+00 1.000000000000000000e+00
0.000000000000000000e+00 1.931411915346907260e-01 1.000000000000000000e+00 1.000000000000000000e+00
0.000000000000000000e+00 4.673269066701916108e-01 1.000000000000000000e+00 1.000000000000000000e+00
0.000000000000000000e+00 6.329980561975594444e-01 1.000000000000000000e+00 1.000000000000000000e+00
0.000000000000000000e+00 7.301299557038416488e-01 1.000000000000000000e+00 1.000000000000000000e+00
1.000000000000000000e+00 7.301299557038417598e-01 0.000000000000000000e+00 1.000000000000000000e+00
1.000000000000000000e+00 6.329980561975595554e-01 0.000000000000000000e+00 1.000000000000000000e+00
1.000000000000000000e+00 4.673269066701916108e-01 0.000000000000000000e+00 1.000000000000000000e+00
1.000000000000000000e+00 1.931411915346911701e-01 0.000000000000000000e+00 1.000000000000000000e+00
1.000000000000000000e+00 0.000000000000000000e+00 1.931411915346902264e-01 1.000000000000000000e+00
1.000000000000000000e+00 0.000000000000000000e+00 4.673269066701917218e-01 1.000000000000000000e+00
1.000000000000000000e+00 0.000000000000000000e+00 6.329980561975594444e-01 1.000000000000000000e+00
1.000000000000000000e+00 0.000000000000000000e+00 7.301299557038414267e-01 1.000000000000000000e+00
1.000000000000000000e+00 1.000000000000000000e+00 7.301299557038416488e-01 0.000000000000000000e+00
1.000000000000000000e+00 1.000000000000000000e+00 6.329980561975595554e-01 0.000000000000000000e+00
1.000000000000000000e+00 1.000000000000000000e+00 4.673269066701916108e-01 0.000000000000000000e+00
1.000000000000000000e+00 1.000000000000000000e+00 1.931411915346911701e-01 0.000000000000000000e+00
1.000000000000000000e+00 1.000000000000000000e+00 0.000000000000000000e+00 1.931411915346900876e-01
1.000000000000000000e+00 1.000000000000000000e+00 0.000000000000000000e+00 4.673269066701916108e-01
1.000000000000000000e+00 1.000000000000000000e+00 0.000000000000000000e+00 6.329980561975588893e-01
1.000000000000000000e+00 1.000000000000000000e+00 0.000000000000000000e+00 7.301299557038414267e-01
0.000000000000000000e+00 1.000000000000000000e+00 1.000000000000000000e+00 7.301299557038419819e-01
0.000000000000000000e+00 1.000000000000000000e+00 1.000000000000000000e+00 6.329980561975596665e-01
0.000000000000000000e+00 1.000000000000000000e+00 1.000000000000000000e+00 4.673269066701914998e-01
0.000000000000000000e+00 1.000000000000000000e+00 1.000000000000000000e+00 1.931411915346922248e-01
1.931411915346902264e-01 1.000000000000000000e+00 1.000000000000000000e+00 0.000000000000000000e+00
4.673269066701917218e-01 1.000000000000000000e+00 1.000000000000000000e+00 0.000000000000000000e+00
6.329980561975588893e-01 1.000000000000000000e+00 1.000000000000000000e+00 0.000000000000000000e+00
7.301299557038418708e-01 1.000000000000000000e+00 1.000000000000000000e+00 0.000000000000000000e+00
0.000000000000000000e+00 1.000000000000000000e+00 1.000000000000000000e+00 1.000000000000000000e+00
6.559724216466147340e-01 0.000000000000000000e+00 1.000000000000000000e+00 1.000000000000000000e+00
5.264289601905707272e-01 0.000000000000000000e+00 1.000000000000000000e+00 1.000000000000000000e+00
3.200357490274087779e-01 0.000000000000000000e+00 1.000000000000000000e+00 1.000000000000000000e+00
0.000000000000000000e+00 0.000000000000000000e+00 1.000000000000000000e+00 1.000000000000000000e+00
0.000000000000000000e+00 3.200357490274087779e-01 1.000000000000000000e+00 1.000000000000000000e+00
0.000000000000000000e+00 5.264289601905707272e-01 1.000000000000000000e+00 1.000000000000000000e+00
0.000000000000000000e+00 6.559724216466147340e-01 1.000000000000000000e+00 1.000000000000000000e+00
1.000000000000000000e+00 0.000000000000000000e+00 1.000000000000000000e+00 1.000000000000000000e+00
1.000000000000000000e+00 6.559724216466146229e-01 0.000000000000000000e+00 1.000000000000000000e+00
1.000000000000000000e+00 5.264289601905710603e-01 0.000000000000000000e+00 1.000000000000000000e+00
1.000000000000000000e+00 3.200357490274094441e-01 0.000000000000000000e+00 1.000000000000000000e+00
1.000000000000000000e+00 0.000000000000000000e+00 0.000000000000000000e+00 1.000000000000000000e+00
1.000000000000000000e+00 0.000000000000000000e+00 3.200357490274087779e-01 1.000000000000000000e+00
1.000000000000000000e+00 0.000000000000000000e+00 5.264289601905707272e-01 1.000000000000000000e+00
1.000000000000000000e+00 0.000000000000000000e+00 6.559724216466144009e-01 1.000000000000000000e+00
1.000000000000000000e+00 1.000000000000000000e+00 0.000000000000000000e+00 1.000000000000000000e+00
1.000000000000000000e+00 1.000000000000000000e+00 6.559724216466146229e-01 0.000000000000000000e+00
1.000000000000000000e+00 1.000000000000000000e+00 5.264289601905710603e-01 0.000000000000000000e+00
1.000000000000000000e+00 1.000000000000000000e+00 3.200357490274094441e-01 0.000000000000000000e+00
1.000000000000000000e+00 1.000000000000000000e+00 9.783952635771871481e-16 0.000000000000000000e+00
1.000000000000000000e+00 1.000000000000000000e+00 0.000000000000000000e+00 3.200357490274091665e-01
1.000000000000000000e+00 1.000000000000000000e+00 0.000000000000000000e+00 5.264289601905701721e-01
1.000000000000000000e+00 1.000000000000000000e+00 0.000000000000000000e+00 6.559724216466144009e-01
1.000000000000000000e+00 1.000000000000000000e+00 1.000000000000000000e+00 0.000000000000000000e+00
0.000000000000000000e+00 1.000000000000000000e+00 1.000000000000000000e+00 6.559724216466149560e-01
0.000000000000000000e+00 1.000000000000000000e+00 1.000000000000000000e+00 5.264289601905711713e-01
0.000000000000000000e+00 1.000000000000000000e+00 1.000000000000000000e+00 3.200357490274096661e-01
0.000000000000000000e+00 1.000000000000000000e+00 1.000000000000000000e+00 0.000000000000000000e+00
3.200357490274078343e-01 1.000000000000000000e+00 1.000000000000000000e+00 0.000000000000000000e+00
5.264289601905701721e-01 1.000000000000000000e+00 1.000000000000000000e+00 0.000000000000000000e+00
6.559724216466139568e-01 1.000000000000000000e+00 1.000000000000000000e+00 0.000000000000000000e+00
0.000000000000000000e+00 1.000000000000000000e+00 1.000000000000000000e+00 1.000000000000000000e+00
5.682402537247085439e-01 0.000000000000000000e+00 1.000000000000000000e+00 1.000000000000000000e+00
4.058376208845989042e-01 0.000000000000000000e+00 1.000000000000000000e+00 1.000000000000000000e+00
1.620367508102044940e-01 0.000000000000000000e+00 1.000000000000000000e+00 1.000000000000000000e+00
0.000000000000000000e+00 1.620367508102041609e-01 1.000000000000000000e+00 1.000000000000000000e+00
0.000000000000000000e+00 4.058376208845985156e-01 1.000000000000000000e+00 1.000000000000000000e+00
0.000000000000000000e+00 5.682402537247085439e-01 1.000000000000000000e+00 1.000000000000000000e+00
1.000000000000000000e+00 0.000000000000000000e+00 1.000000000000000000e+00 1.000000000000000000e+00
1.000000000000000000e+00 0.000000000000000000e+00 1.000000000000000000e+00 1.000000000000000000e+00
1.000000000000000000e+00 5.682402537247085439e-01 0.000000000000000000e+00 1.000000000000000000e+00
1.000000000000000000e+00 4.058376208845986821e-01 0.000000000000000000e+00 1.000000000000000000e+00
1.000000000000000000e+00 1.620367508102044940e-01 0.000000000000000000e+00 1.000000000000000000e+00
1.000000000000000000e+00 0.000000000000000000e+00 1.620367508102037724e-01 1.000000000000000000e+00
1.000000000000000000e+00 0.000000000000000000e+00 4.058376208845985156e-01 1.000000000000000000e+00
1.000000000000000000e+00 0.000000000000000000e+00 5.682402537247082108e-01 1.000000000000000000e+00
1.000000000000000000e+00 1.000000000000000000e+00 0.000000000000000000e+00 1.000000000000000000e+00
1.000000000000000000e+00 1.000000000000000000e+00 0.000000000000000000e+00 1.000000000000000000e+00
1.000000000000000000e+00 1.000000000000000000e+00 5.682402537247085439e-01 0.000000000000000000e+00
1.000000000000000000e+00 1.000000000000000000e+00 4.058376208845986821e-01 0.000000000000000000e+00
1.000000000000000000e+00 1.000000000000000000e+00 1.620367508102044940e-01 0.000000000000000000e+00
1.000000000000000000e+00 1.000000000000000000e+00 0.000000000000000000e+00 1.620367508102037724e-01
1.000000000000000000e+00 1.000000000000000000e+00 0.000000000000000000e+00 4.058376208845986821e-01
1.000000000000000000e+00 1.000000000000000000e+00 0.000000000000000000e+00 5.682402537247078778e-01
1.000000000000000000e+00 1.000000000000000000e+00 1.000000000000000000e+00 0.000000000000000000e+00
1.000000000000000000e+00 1.000000000000000000e+00 1.000000000000000000e+00 0.000000000000000000e+00
0.000000000000000000e+00 1.000000000000000000e+00 1.000000000000000000e+00 5.682402537247086549e-01
0.000000000000000000e+00 1.000000000000000000e+00 1.000000000000000000e+00 4.058376208845987376e-01
0.000000000000000000e+00 1.000000000000000000e+00 1.000000000000000000e+00 1.620367508102053544e-01
1.620367508102037724e-01 1.000000000000000000e+00 1.000000000000000000e+00 0.000000000000000000e+00
4.058376208845985156e-01 1.000000000000000000e+00 1.000000000000000000e+00 0.000000000000000000e+00
5.682402537247078778e-01 1.000000000000000000e+00 1.000000000000000000e+00 0.000000000000000000e+00
0.000000000000000000e+00 1.000000000000000000e+00 1.000000000000000000e+00 1.000000000000000000e+00
0.000000000000000000e+00 1.000000000000000000e+00 1.000000000000000000e+00 1.000000000000000000e+00
0.000000000000000000e+00 1.000000000000000000e+00 1.000000000000000000e+00 1.000000000000000000e+00
4.685613541963364881e-01 0.000000000000000000e+00 1.000000000000000000e+00 1.000000000000000000e+00
2.749804854425149103e-01 0.000000000000000000e+00 1.000000000000000000e+00 1.000000000000000000e+00
0.000000000000000000e+00 0.000000000000000000e+00 1.000000000000000000e+00 1.000000000000000000e+00
0.000000000000000000e+00 2.749804854425146328e-01 1.000000000000000000e+00 1.000000000000000000e+00
0.000000000000000000e+00 4.685613541963364881e-01 1.000000000000000000e+00 1.000000000000000000e+00
1.000000000000000000e+00 0.000000000000000000e+00 1.000000000000000000e+00 1.000000000000000000e+00
1.000000000000000000e+00 0.000000000000000000e+00 1.000000000000000000e+00 1.000000000000000000e+00
1.000000000000000000e+00 0.000000000000000000e+00 1.000000000000000000e+00 1.000000000000000000e+00
1.000000000000000000e+00 4.685613541963367656e-01 0.000000000000000000e+00 1.000000000000000000e+00
1.000000000000000000e+00 2.749804854425150769e-01 0.000000000000000000e+00 1.000000000000000000e+00
1.000000000000000000e+00 0.000000000000000000e+00 0.000000000000000000e+00 1.000000000000000000e+00
1.000000000000000000e+00 0.000000000000000000e+00 2.749804854425146328e-01 1.000000000000000000e+00
1.000000000000000000e+00 0.000000000000000000e+00 4.685613541963364881e-01 1.000000000000000000e+00
1.000000000000000000e+00 1.000000000000000000e+00 0.000000000000000000e+00 1.000000000000000000e+00
1.000000000000000000e+00 1.000000000000000000e+00 0.000000000000000000e+00 1.000000000000000000e+00
1.000000000000000000e+00 1.000000000000000000e+00 0.000000000000000000e+00 1.000000000000000000e+00
1.000000000000000000e+00 1.000000000000000000e+00 4.685613541963369877e-01 0.000000000000000000e+00
1.000000000000000000e+00 1.000000000000000000e+00 2.749804854425150769e-01 0.000000000000000000e+00
1.000000000000000000e+00 1.000000000000000000e+00 6.720678624220546095e-16 0.000000000000000000e+00
1.000000000000000000e+00 1.000000000000000000e+00 0.000000000000000000e+00 2.749804854425150769e-01
1.000000000000000000e+00 1.000000000000000000e+00 0.000000000000000000e+00 4.685613541963359330e-01
1.000000000000000000e+00 1.000000000000000000e+00 1.000000000000000000e+00 0.000000000000000000e+00
1.000000000000000000e+00 1.000000000000000000e+00 1.000000000000000000e+00 0.000000000000000000e+00
1.000000000000000000e+00 1.000000000000000000e+00 1.000000000000000000e+00 0.000000000000000000e+00
0.000000000000000000e+00 1.000000000000000000e+00 1.000000000000000000e+00 4.685613541963371542e-01
0.000000000000000000e+00 1.000000000000000000e+00 1.000000000000000000e+00 2.749804854425151879e-01
0.000000000000000000e+00 1.000000000000000000e+00 1.000000000000000000e+00 0.000000000000000000e+00
2.749804854425138556e-01 1.000000000000000000e+00 1.000000000000000000e+00 0.000000000000000000e+00
4.685613541963361550e-01 1.000000000000000000e+00 1.000000000000000000e+00 0.000000000000000000e+00
0.000000000000000000e+00 1.000000000000000000e+00 1.000000000000000000e+00 1.000000000000000000e+00
0.000000000000000000e+00 1.000000000000000000e+00 1.000000000000000000e+00 1.000000000000000000e+00
0.000000000000000000e+00 1.000000000000000000e+00 1.000000000000000000e+00 1.000000000000000000e+00
3.598803426117690440e-01 0.000000000000000000e+00 1.000000000000000000e+00 1.000000000000000000e+00
1.385612917054387661e-01 0.000000000000000000e+00 1.000000000000000000e+00 1.000000000000000000e+00
0.000000000000000000e+00 1.385612917054384607e-01 1.000000000000000000e+00 1.000000000000000000e+00
0.000000000000000000e+00 3.598803426117687665e-01 1.000000000000000000e+00 1.000000000000000000e+00
1.000000000000000000e+00 0.000000000000000000e+00 1.000000000000000000e+00 1.000000000000000000e+00
1.000000000000000000e+00 0.000000000000000000e+00 1.000000000000000000e+00 1.000000000000000000e+00
1.000000000000000000e+00 0.000000000000000000e+00 1.000000000000000000e+00 1.000000000000000000e+00
1.000000000000000000e+00 0.000000000000000000e+00 1.000000000000000000e+00 1.000000000000000000e+00
1.000000000000000000e+00 3.598803426117690440e-01 0.000000000000000000e+00 1.000000000000000000e+00
1.000000000000000000e+00 1.385612917054389603e-01 0.000000000000000000e+00 1.000000000000000000e+00
1.000000000000000000e+00 0.000000000000000000e+00 1.385612917054384607e-01 1.000000000000000000e+00
1.000000000000000000e+00 0.000000000000000000e+00 3.598803426117687665e-01 1.000000000000000000e+00
1.000000000000000000e+00 1.000000000000000000e+00 0.000000000000000000e+00 1.000000000000000000e+00
1.000000000000000000e+00 1.000000000000000000e+00 0.000000000000000000e+00 1.000000000000000000e+00
1.000000000000000000e+00 1.000000000000000000e+00 0.000000000000000000e+00 1.000000000000000000e+00
1.000000000000000000e+00 1.000000000000000000e+00 0.000000000000000000e+00 1.000000000000000000e+00
1.000000000000000000e+00 1.000000000000000000e+00 3.598803426117690440e-01 0.000000000000000000e+00
1.000000000000000000e+00 1.000000000000000000e+00 1.385612917054387661e-01 0.000000000000000000e+00
1.000000000000000000e+00 1.000000000000000000e+00 0.000000000000000000e+00 1.385612917054381832e-01
1.000000000000000000e+00 1.000000000000000000e+00 0.000000000000000000e+00 3.598803426117690440e-01
1.000000000000000000e+00 1.000000000000000000e+00 1.000000000000000000e+00 0.000000000000000000e+00
1.000000000000000000e+00 1.000000000000000000e+00 1.000000000000000000e+00 0.000000000000000000e+00
1.000000000000000000e+00 1.000000000000000000e+00 1.000000000000000000e+00 0.000000000000000000e+00
1.000000000000000000e+00 1.000000000000000000e+00 1.000000000000000000e+00 0.000000000000000000e+00
0.000000000000000000e+00 1.000000000000000000e+00 1.000000000000000000e+00 3.598803426117687665e-01
0.000000000000000000e+00 1.000000000000000000e+00 1.000000000000000000e+00 1.385612917054396265e-01
1.385612917054384607e-01 1.000000000000000000e+00 1.000000000000000000e+00 0.000000000000000000e+00
3.598803426117687665e-01 1.000000000000000000e+00 1.000000000000000000e+00 0.000000000000000000e+00
0.000000000000000000e+00 1.000000000000000000e+00 1.000000000000000000e+00 1.000000000000000000e+00
0.000000000000000000e+00 1.000000000000000000e+00 1.000000000000000000e+00 1.000000000000000000e+00
0.000000000000000000e+00 1.000000000000000000e+00 1.000000000000000000e+00 1.000000000000000000e+00
0.000000000000000000e+00 1.000000000000000000e+00 1.000000000000000000e+00 1.000000000000000000e+00
0.000000000000000000e+00 1.000000000000000000e+00 1.000000000000000000e+00 1.000000000000000000e+00
2.462273099890718575e-01 0.000000000000000000e+00 1.000000000000000000e+00 1.000000000000000000e+00
0.000000000000000000e+00 0.000000000000000000e+00 1.000000000000000000e+00 1.000000000000000000e+00
0.000000000000000000e+00 2.462273099890715522e-01 1.000000000000000000e+00 1.000000000000000000e+00
1.000000000000000000e+00 0.000000000000000000e+00 1.000000000000000000e+00 1.000000000000000000e+00
1.000000000000000000e+00 0.000000000000000000e+00 1.000000000000000000e+00 1.000000000000000000e+00
1.000000000000000000e+00 0.000000000000000000e+00 1.000000000000000000e+00 1.000000000000000000e+00
1.000000000000000000e+00 0.000000000000000000e+00 1.000000000000000000e+00 1.000000000000000000e+00
1.000000000000000000e+00 0.000000000000000000e+00 1.000000000000000000e+00 1.000000000000000000e+00
1.000000000000000000e+00 2.462273099890721073e-01 0.000000000000000000e+00 1.000000000000000000e+00
1.000000000000000000e+00 0.000000000000000000e+00 3.780852766354504633e-16 1.000000000000000000e+00
1.000000000000000000e+00 0.000000000000000000e+00 2.462273099890713024e-01 1.000000000000000000e+00
1.000000000000000000e+00 1.000000000000000000e+00 0.000000000000000000e+00 1.000000000000000000e+00
1.000000000000000000e+00 1.000000000000000000e+00 0.000000000000000000e+00 1.000000000000000000e+00
1.000000000000000000e+00 1.000000000000000000e+00 0.000000000000000000e+00 1.000000000000000000e+00
1.000000000000000000e+00 1.000000000000000000e+00 0.000000000000000000e+00 1.000000000000000000e+00
1.000000000000000000e+00 1.000000000000000000e+00 0.000000000000000000e+00 1.000000000000000000e+00
1.000000000000000000e+00 1.000000000000000000e+00 2.462273099890721073e-01 0.000000000000000000e+00
1.000000000000000000e+00 1.000000000000000000e+00 7.183620256073555796e-16 0.000000000000000000e+00
1.000000000000000000e+00 1.000000000000000000e+00 0.000000000000000000e+00 2.462273099890721073e-01
1.000000000000000000e+00 1.000000000000000000e+00 1.000000000000000000e+00 0.000000000000000000e+00
1.000000000000000000e+00 1.000000000000000000e+00 1.000000000000000000e+00 0.000000000000000000e+00
1.000000000000000000e+00 1.000000000000000000e+00 1.000000000000000000e+00 0.000000000000000000e+00
1.000000000000000000e+00 1.000000000000000000e+00 1.000000000000000000e+00 0.000000000000000000e+00
1.000000000000000000e+00 1.000000000000000000e+00 1.000000000000000000e+00 0.000000000000000000e+00
0.000000000000000000e+00 1.000000000000000000e+00 1.000000000000000000e+00 2.462273099890724404e-01
0.000000000000000000e+00 1.000000000000000000e+00 1.000000000000000000e+00 3.780852766354504633e-16
2.462273099890707750e-01 1.000000000000000000e+00 1.000000000000000000e+00 0.000000000000000000e+00
0.000000000000000000e+00 1.000000000000000000e+00 1.000000000000000000e+00 1.000000000000000000e+00
0.000000000000000000e+00 1.000000000000000000e+00 1.000000000000000000e+00 1.000000000000000000e+00
0.000000000000000000e+00 1.000000000000000000e+00 1.000000000000000000e+00 1.000000000000000000e+00
0.000000000000000000e+00 1.000000000000000000e+00 1.000000000000000000e+00 1.000000000000000000e+00
0.000000000000000000e+00 1.000000000000000000e+00 1.000000000000000000e+00 1.000000000000000000e+00
1.315174970798844711e-01 0.000000000000000000e+00 1.000000000000000000e+00 1.000000000000000000e+00
0.000000000000000000e+00 1.315174970798844711e-01 1.000000000000000000e+00 1.000000000000000000e+00
1.000000000000000000e+00 0.000000000000000000e+00 1.000000000000000000e+00 1.000000000000000000e+00
1.000000000000000000e+00 0.000000000000000000e+00 1.000000000000000000e+00 1.000000000000000000e+00
1.000000000000000000e+00 0.000000000000000000e+00 1.000000000000000000e+00 1.000000000000000000e+00
1.000000000000000000e+00 0.000000000000000000e+00 1.000000000000000000e+00 1.000000000000000000e+00
1.000000000000000000e+00 0.000000000000000000e+00 1.000000000000000000e+00 1.000000000000000000e+00
1.000000000000000000e+00 0.000000000000000000e+00 1.000000000000000000e+00 1.000000000000000000e+00
1.000000000000000000e+00 1.315174970798848320e-01 0.000000000000000000e+00 1.000000000000000000e+00
1.000000000000000000e+00 0.000000000000000000e+00 1.315174970798844711e-01 1.000000000000000000e+00
1.000000000000000000e+00 1.000000000000000000e+00 0.000000000000000000e+00 1.000000000000000000e+00
1.000000000000000000e+00 1.000000000000000000e+00 0.000000000000000000e+00 1.000000000000000000e+00
1.000000000000000000e+00 1.000000000000000000e+00 0.000000000000000000e+00 1.000000000000000000e+00
1.000000000000000000e+00 1.000000000000000000e+00 0.000000000000000000e+00 1.000000000000000000e+00
1.000000000000000000e+00 1.000000000000000000e+00 0.000000000000000000e+00 1.000000000000000000e+00
1.000000000000000000e+00 1.000000000000000000e+00 0.000000000000000000e+00 1.000000000000000000e+00
1.000000000000000000e+00 1.000000000000000000e+00 1.315174970798848320e-01 0.000000000000000000e+00
1.000000000000000000e+00 1.000000000000000000e+00 0.000000000000000000e+00 1.315174970798844711e-01
1.000000000000000000e+00 1.000000000000000000e+00 1.000000000000000000e+00 0.000000000000000000e+00
1.000000000000000000e+00 1.000000000000000000e+00 1.000000000000000000e+00 0.000000000000000000e+00
1.000000000000000000e+00 1.000000000000000000e+00 1.000000000000000000e+00 0.000000000000000000e+00
1.000000000000000000e+00 1.000000000000000000e+00 1.000000000000000000e+00 0.000000000000000000e+00
1.000000000000000000e+00 1.000000000000000000e+00 1.000000000000000000e+00 0.000000000000000000e+00
1.000000000000000000e+00 1.000000000000000000e+00 1.000000000000000000e+00 0.000000000000000000e+00
0.000000000000000000e+00 1.000000000000000000e+00 1.000000000000000000e+00 1.315174970798858589e-01
1.315174970798841936e-01 1.000000000000000000e+00 1.000000000000000000e+00 0.000000000000000000e+00
0.000000000000000000e+00 1.000000000000000000e+00 1.000000000000000000e+00 1.000000000000000000e+00
0.000000000000000000e+00 1.000000000000000000e+00 1.000000000000000000e+00 1.000000000000000000e+00
0.000000000000000000e+00 1.000000000000000000e+00 1.000000000000000000e+00 1.000000000000000000e+00
0.000000000000000000e+00 1.000000000000000000e+00 1.000000000000000000e+00 1.000000000000000000e+00
0.000000000000000000e+00 1.000000000000000000e+00 1.000000000000000000e+00 1.000000000000000000e+00
0.000000000000000000e+00 1.000000000000000000e+00 1.000000000000000000e+00 1.000000000000000000e+00
0.000000000000000000e+00 1.000000000000000000e+00 1.000000000000000000e+00 1.000000000000000000e+00
0.000000000000000000e+00 0.000000000000000000e+00 0.000000000000000000e+00 0.000000000000000000e+00
1.000000000000000000e+00 0.000000000000000000e+00 1.000000000000000000e+00 1.000000000000000000e+00
1.000000000000000000e+00 0.000000000000000000e+00 1.000000000000000000e+00 1.000000000000000000e+00
1.000000000000000000e+00 0.000000000000000000e+00 1.000000000000000000e+00 1.000000000000000000e+00
1.000000000000000000e+00 0.000000000000000000e+00 1.000000000000000000e+00 1.000000000000000000e+00
1.000000000000000000e+00 0.000000000000000000e+00 1.000000000000000000e+00 1.000000000000000000e+00
1.000000000000000000e+00 0.000000000000000000e+00 1.000000000000000000e+00 1.000000000000000000e+00
1.000000000000000000e+00 0.000000000000000000e+00 1.000000000000000000e+00 1.000000000000000000e+00
0.000000000000000000e+00 0.000000000000000000e+00 0.000000000000000000e+00 0.000000000000000000e+00
1.000000000000000000e+00 1.000000000000000000e+00 0.000000000000000000e+00 1.000000000000000000e+00
1.000000000000000000e+00 1.000000000000000000e+00 0.000000000000000000e+00 1.000000000000000000e+00
1.000000000000000000e+00 1.000000000000000000e+00 0.000000000000000000e+00 1.000000000000000000e+00
1.000000000000000000e+00 1.000000000000000000e+00 0.000000000000000000e+00 1.000000000000000000e+00
1.000000000000000000e+00 1.000000000000000000e+00 0.000000000000000000e+00 1.000000000000000000e+00
1.000000000000000000e+00 1.000000000000000000e+00 0.000000000000000000e+00 1.000000000000000000e+00
1.000000000000000000e+00 1.000000000000000000e+00 0.000000000000000000e+00 1.000000000000000000e+00
0.000000000000000000e+00 0.000000000000000000e+00 0.000000000000000000e+00 0.000000000000000000e+00
1.000000000000000000e+00 1.000000000000000000e+00 1.000000000000000000e+00 0.000000000000000000e+00
1.000000000000000000e+00 1.000000000000000000e+00 1.000000000000000000e+00 0.000000000000000000e+00
1.000000000000000000e+00 1.000000000000000000e+00 1.000000000000000000e+00 0.000000000000000000e+00
1.000000000000000000e+00 1.000000000000000000e+00 1.000000000000000000e+00 0.000000000000000000e+00
1.000000000000000000e+00 1.000000000000000000e+00 1.000000000000000000e+00 0.000000000000000000e+00
1.000000000000000000e+00 1.000000000000000000e+00 1.000000000000000000e+00 0.000000000000000000e+00
1.000000000000000000e+00 1.000000000000000000e+00 1.000000000000000000e+00 0.000000000000000000e+00
0.000000000000000000e+00 0.000000000000000000e+00 0.000000000000000000e+00 0.000000000000000000e+00
0.000000000000000000e+00 1.000000000000000000e+00 1.000000000000000000e+00 1.000000000000000000e+00
0.000000000000000000e+00 1.000000000000000000e+00 1.000000000000000000e+00 1.000000000000000000e+00
0.000000000000000000e+00 1.000000000000000000e+00 1.000000000000000000e+00 1.000000000000000000e+00
0.000000000000000000e+00 1.000000000000000000e+00 1.000000000000000000e+00 1.000000000000000000e+00
0.000000000000000000e+00 1.000000000000000000e+00 1.000000000000000000e+00 1.000000000000000000e+00
0.000000000000000000e+00 0.000000000000000000e+00 0.000000000000000000e+00 0.000000000000000000e+00
0.000000000000000000e+00 0.000000000000000000e+00 0.000000000000000000e+00 0.000000000000000000e+00
0.000000000000000000e+00 0.000000000000000000e+00 0.000000000000000000e+00 0.000000000000000000e+00
0.000000000000000000e+00 0.000000000000000000e+00 0.000000000000000000e+00 0.000000000000000000e+00
1.000000000000000000e+00 0.000000000000000000e+00 1.000000000000000000e+00 1.000000000000000000e+00
1.000000000000000000e+00 0.000000000000000000e+00 1.000000000000000000e+00 1.000000000000000000e+00
1.000000000000000000e+00 0.000000000000000000e+00 1.000000000000000000e+00 1.000000000000000000e+00
1.000000000000000000e+00 0.000000000000000000e+00 1.000000000000000000e+00 1.000000000000000000e+00
0.000000000000000000e+00 0.000000000000000000e+00 0.000000000000000000e+00 0.000000000000000000e+00
0.000000000000000000e+00 0.000000000000000000e+00 0.000000000000000000e+00 0.000000000000000000e+00
0.000000000000000000e+00 0.000000000000000000e+00 0.000000000000000000e+00 0.000000000000000000e+00
0.000000000000000000e+00 0.000000000000000000e+00 0.000000000000000000e+00 0.000000000000000000e+00
1.000000000000000000e+00 1.000000000000000000e+00 0.000000000000000000e+00 1.000000000000000000e+00
1.000000000000000000e+00 1.000000000000000000e+00 0.000000000000000000e+00 1.000000000000000000e+00
1.000000000000000000e+00 1.000000000000000000e+00 0.000000000000000000e+00 1.000000000000000000e+00
1.000000000000000000e+00 1.000000000000000000e+00 0.000000000000000000e+00 1.000000000000000000e+00
0.000000000000000000e+00 0.000000000000000000e+00 0.000000000000000000e+00 0.000000000000000000e+00
0.000000000000000000e+00 0.000000000000000000e+00 0.000000000000000000e+00 0.000000000000000000e+00
0.000000000000000000e+00 0.000000000000000000e+00 0.000000000000000000e+00 0.000000000000000000e+00
0.000000000000000000e+00 0.000000000000000000e+00 0.000000000000000000e+00 0.000000000000000000e+00
1.000000000000000000e+00 1.000000000000000000e+00 1.000000000000000000e+00 0.000000000000000000e+00
1.000000000000000000e+00 1.000000000000000000e+00 1.000000000000000000e+00 0.000000000000000000e+00
1.000000000000000000e+00 1.000000000000000000e+00 1.000000000000000000e+00 0.000000000000000000e+00
1.000000000000000000e+00 1.000000000000000000e+00 1.000000000000000000e+00 0.000000000000000000e+00
0.000000000000000000e+00 0.000000000000000000e+00 0.000000000000000000e+00 0.000000000000000000e+00
0.000000000000000000e+00 0.000000000000000000e+00 0.000000000000000000e+00 0.000000000000000000e+00
0.000000000000000000e+00 0.000000000000000000e+00 0.000000000000000000e+00 0.000000000000000000e+00
0.000000000000000000e+00 0.000000000000000000e+00 0.000000000000000000e+00 0.000000000000000000e+00
0.000000000000000000e+00 1.000000000000000000e+00 1.000000000000000000e+00 1.000000000000000000e+00
0.000000000000000000e+00 1.000000000000000000e+00 1.000000000000000000e+00 1.000000000000000000e+00
0.000000000000000000e+00 0.000000000000000000e+00 0.000000000000000000e+00 0.000000000000000000e+00
0.000000000000000000e+00 0.000000000000000000e+00 0.000000000000000000e+00 0.000000000000000000e+00
0.000000000000000000e+00 0.000000000000000000e+00 0.000000000000000000e+00 0.000000000000000000e+00
0.000000000000000000e+00 0.000000000000000000e+00 0.000000000000000000e+00 0.000000000000000000e+00
0.000000000000000000e+00 0.000000000000000000e+00 0.000000000000000000e+00 0.000000000000000000e+00
0.000000000000000000e+00 0.000000000000000000e+00 0.000000000000000000e+00 0.000000000000000000e+00
0.000000000000000000e+00 0.000000000000000000e+00 0.000000000000000000e+00 0.000000000000000000e+00
0.000000000000000000e+00 0.000000000000000000e+00 0.000000000000000000e+00 0.000000000000000000e+00
0.000000000000000000e+00 0.000000000000000000e+00 0.000000000000000000e+00 0.000000000000000000e+00
0.000000000000000000e+00 0.000000000000000000e+00 0.000000000000000000e+00 0.000000000000000000e+00
0.000000000000000000e+00 0.000000000000000000e+00 0.000000000000000000e+00 0.000000000000000000e+00
0.000000000000000000e+00 0.000000000000000000e+00 0.000000000000000000e+00 0.000000000000000000e+00
0.000000000000000000e+00 0.000000000000000000e+00 0.000000000000000000e+00 0.000000000000000000e+00
0.000000000000000000e+00 0.000000000000000000e+00 0.000000000000000000e+00 0.000000000000000000e+00
0.000000000000000000e+00 0.000000000000000000e+00 0.000000000000000000e+00 0.000000000000000000e+00
0.000000000000000000e+00 0.000000000000000000e+00 0.000000000000000000e+00 0.000000000000000000e+00
0.000000000000000000e+00 0.000000000000000000e+00 0.000000000000000000e+00 0.000000000000000000e+00
0.000000000000000000e+00 0.000000000000000000e+00 0.000000000000000000e+00 0.000000000000000000e+00
0.000000000000000000e+00 0.000000000000000000e+00 0.000000000000000000e+00 0.000000000000000000e+00
0.000000000000000000e+00 0.000000000000000000e+00 0.000000000000000000e+00 0.000000000000000000e+00
0.000000000000000000e+00 0.000000000000000000e+00 0.000000000000000000e+00 0.000000000000000000e+00
0.000000000000000000e+00 0.000000000000000000e+00 0.000000000000000000e+00 0.000000000000000000e+00
0.000000000000000000e+00 0.000000000000000000e+00 0.000000000000000000e+00 0.000000000000000000e+00
0.000000000000000000e+00 0.000000000000000000e+00 0.000000000000000000e+00 0.000000000000000000e+00
0.000000000000000000e+00 0.000000000000000000e+00 0.000000000000000000e+00 0.000000000000000000e+00
0.000000000000000000e+00 0.000000000000000000e+00 0.000000000000000000e+00 0.000000000000000000e+00
0.000000000000000000e+00 0.000000000000000000e+00 0.000000000000000000e+00 0.000000000000000000e+00
0.000000000000000000e+00 0.000000000000000000e+00 0.000000000000000000e+00 0.000000000000000000e+00
0.000000000000000000e+00 0.000000000000000000e+00 0.000000000000000000e+00 0.000000000000000000e+00
0.000000000000000000e+00 0.000000000000000000e+00 0.000000000000000000e+00 0.000000000000000000e+00
0.000000000000000000e+00 0.000000000000000000e+00 0.000000000000000000e+00 0.000000000000000000e+00
0.000000000000000000e+00 0.000000000000000000e+00 0.000000000000000000e+00 0.000000000000000000e+00
0.000000000000000000e+00 0.000000000000000000e+00 0.000000000000000000e+00 0.000000000000000000e+00
0.000000000000000000e+00 0.000000000000000000e+00 0.000000000000000000e+00 0.000000000000000000e+00
0.000000000000000000e+00 0.000000000000000000e+00 0.000000000000000000e+00 0.000000000000000000e+00
0.000000000000000000e+00 0.000000000000000000e+00 0.000000000000000000e+00 0.000000000000000000e+00
0.000000000000000000e+00 0.000000000000000000e+00 0.000000000000000000e+00 0.000000000000000000e+00
0.000000000000000000e+00 0.000000000000000000e+00 0.000000000000000000e+00 0.000000000000000000e+00
0.000000000000000000e+00 0.000000000000000000e+00 0.000000000000000000e+00 0.000000000000000000e+00
0.000000000000000000e+00 0.000000000000000000e+00 0.000000000000000000e+00 0.000000000000000000e+00
0.000000000000000000e+00 0.000000000000000000e+00 0.000000000000000000e+00 0.000000000000000000e+00
0.000000000000000000e+00 0.000000000000000000e+00 0.000000000000000000e+00 0.000000000000000000e+00
0.000000000000000000e+00 0.000000000000000000e+00 0.000000000000000000e+00 0.000000000000000000e+00
0.000000000000000000e+00 0.000000000000000000e+00 0.000000000000000000e+00 0.000000000000000000e+00
0.000000000000000000e+00 0.000000000000000000e+00 0.000000000000000000e+00 0.000000000000000000e+00
0.000000000000000000e+00 0.000000000000000000e+00 0.000000000000000000e+00 0.000000000000000000e+00
0.000000000000000000e+00 0.000000000000000000e+00 0.000000000000000000e+00 0.000000000000000000e+00
0.000000000000000000e+00 0.000000000000000000e+00 0.000000000000000000e+00 0.000000000000000000e+00
0.000000000000000000e+00 0.000000000000000000e+00 0.000000000000000000e+00 0.000000000000000000e+00
0.000000000000000000e+00 0.000000000000000000e+00 0.000000000000000000e+00 0.000000000000000000e+00
0.000000000000000000e+00 0.000000000000000000e+00 0.000000000000000000e+00 0.000000000000000000e+00
0.000000000000000000e+00 0.000000000000000000e+00 0.000000000000000000e+00 0.000000000000000000e+00
0.000000000000000000e+00 0.000000000000000000e+00 0.000000000000000000e+00 0.000000000000000000e+00
0.000000000000000000e+00 0.000000000000000000e+00 0.000000000000000000e+00 0.000000000000000000e+00
0.000000000000000000e+00 0.000000000000000000e+00 0.000000000000000000e+00 0.000000000000000000e+00
0.000000000000000000e+00 0.000000000000000000e+00 0.000000000000000000e+00 0.000000000000000000e+00
0.000000000000000000e+00 0.000000000000000000e+00 0.000000000000000000e+00 0.000000000000000000e+00
0.000000000000000000e+00 0.000000000000000000e+00 0.000000000000000000e+00 0.000000000000000000e+00
0.000000000000000000e+00 0.000000000000000000e+00 0.000000000000000000e+00 0.000000000000000000e+00
0.000000000000000000e+00 0.000000000000000000e+00 0.000000000000000000e+00 0.000000000000000000e+00
0.000000000000000000e+00 0.000000000000000000e+00 0.000000000000000000e+00 0.000000000000000000e+00
0.000000000000000000e+00 0.000000000000000000e+00 0.000000000000000000e+00 0.000000000000000000e+00
0.000000000000000000e+00 0.000000000000000000e+00 0.000000000000000000e+00 0.000000000000000000e+00
0.000000000000000000e+00 0.000000000000000000e+00 0.000000000000000000e+00 0.000000000000000000e+00
0.000000000000000000e+00 0.000000000000000000e+00 0.000000000000000000e+00 0.000000000000000000e+00
0.000000000000000000e+00 0.000000000000000000e+00 0.000000000000000000e+00 0.000000000000000000e+00
0.000000000000000000e+00 0.000000000000000000e+00 0.000000000000000000e+00 0.000000000000000000e+00
0.000000000000000000e+00 0.000000000000000000e+00 0.000000000000000000e+00 0.000000000000000000e+00
0.000000000000000000e+00 0.000000000000000000e+00 0.000000000000000000e+00 0.000000000000000000e+00
0.000000000000000000e+00 0.000000000000000000e+00 0.000000000000000000e+00 0.000000000000000000e+00
0.000000000000000000e+00 0.000000000000000000e+00 0.000000000000000000e+00 0.000000000000000000e+00
0.000000000000000000e+00 0.000000000000000000e+00 0.000000000000000000e+00 0.000000000000000000e+00
0.000000000000000000e+00 0.000000000000000000e+00 0.000000000000000000e+00 0.000000000000000000e+00
0.000000000000000000e+00 0.000000000000000000e+00 0.000000000000000000e+00 0.000000000000000000e+00
0.000000000000000000e+00 0.000000000000000000e+00 0.000000000000000000e+00 0.000000000000000000e+00
0.000000000000000000e+00 0.000000000000000000e+00 0.000000000000000000e+00 0.000000000000000000e+00
0.000000000000000000e+00 0.000000000000000000e+00 0.000000000000000000e+00 0.000000000000000000e+00
0.000000000000000000e+00 0.000000000000000000e+00 0.000000000000000000e+00 0.000000000000000000e+00
0.000000000000000000e+00 0.000000000000000000e+00 0.000000000000000000e+00 0.000000000000000000e+00
0.000000000000000000e+00 0.000000000000000000e+00 0.000000000000000000e+00 0.000000000000000000e+00
0.000000000000000000e+00 0.000000000000000000e+00 0.000000000000000000e+00 0.000000000000000000e+00
0.000000000000000000e+00 0.000000000000000000e+00 0.000000000000000000e+00 0.000000000000000000e+00
0.000000000000000000e+00 0.000000000000000000e+00 0.000000000000000000e+00 0.000000000000000000e+00
0.000000000000000000e+00 0.000000000000000000e+00 0.000000000000000000e+00 0.000000000000000000e+00
0.000000000000000000e+00 0.000000000000000000e+00 0.000000000000000000e+00 0.000000000000000000e+00
0.000000000000000000e+00 0.000000000000000000e+00 0.000000000000000000e+00 0.000000000000000000e+00
0.000000000000000000e+00 0.000000000000000000e+00 0.000000000000000000e+00 0.000000000000000000e+00
0.000000000000000000e+00 0.000000000000000000e+00 0.000000000000000000e+00 0.000000000000000000e+00
0.000000000000000000e+00 0.000000000000000000e+00 0.000000000000000000e+00 0.000000000000000000e+00
0.000000000000000000e+00 0.000000000000000000e+00 0.000000000000000000e+00 0.000000000000000000e+00
0.000000000000000000e+00 0.000000000000000000e+00 0.000000000000000000e+00 0.000000000000000000e+00
0.000000000000000000e+00 0.000000000000000000e+00 0.000000000000000000e+00 0.000000000000000000e+00
0.000000000000000000e+00 0.000000000000000000e+00 0.000000000000000000e+00 0.000000000000000000e+00
0.000000000000000000e+00 0.000000000000000000e+00 0.000000000000000000e+00 0.000000000000000000e+00
0.000000000000000000e+00 0.000000000000000000e+00 0.000000000000000000e+00 0.000000000000000000e+00
0.000000000000000000e+00 0.000000000000000000e+00 0.000000000000000000e+00 0.000000000000000000e+00
0.000000000000000000e+00 0.000000000000000000e+00 0.000000000000000000e+00 0.000000000000000000e+00
0.000000000000000000e+00 0.000000000000000000e+00 0.000000000000000000e+00 0.000000000000000000e+00
0.000000000000000000e+00 0.000000000000000000e+00 0.000000000000000000e+00 0.000000000000000000e+00
0.000000000000000000e+00 0.000000000000000000e+00 0.000000000000000000e+00 0.000000000000000000e+00
0.000000000000000000e+00 0.000000000000000000e+00 0.000000000000000000e+00 0.000000000000000000e+00
0.000000000000000000e+00 0.000000000000000000e+00 0.000000000000000000e+00 0.000000000000000000e+00
0.000000000000000000e+00 0.000000000000000000e+00 0.000000000000000000e+00 0.000000000000000000e+00
0.000000000000000000e+00 0.000000000000000000e+00 0.000000000000000000e+00 0.000000000000000000e+00
0.000000000000000000e+00 0.000000000000000000e+00 0.000000000000000000e+00 0.000000000000000000e+00
0.000000000000000000e+00 0.000000000000000000e+00 0.000000000000000000e+00 0.000000000000000000e+00
0.000000000000000000e+00 0.000000000000000000e+00 0.000000000000000000e+00 0.000000000000000000e+00
0.000000000000000000e+00 0.000000000000000000e+00 0.000000000000000000e+00 0.000000000000000000e+00
0.000000000000000000e+00 0.000000000000000000e+00 0.000000000000000000e+00 0.000000000000000000e+00
0.000000000000000000e+00 0.000000000000000000e+00 0.000000000000000000e+00 0.000000000000000000e+00
0.000000000000000000e+00 0.000000000000000000e+00 0.000000000000000000e+00 0.000000000000000000e+00
0.000000000000000000e+00 0.000000000000000000e+00 0.000000000000000000e+00 0.000000000000000000e+00
