5.850267063703334713e+00 4.500000000000000000e+01
5.850267063703334713e+00 1.350000000000000000e+02
5.850267063703334713e+00 2.250000000000000000e+02
5.850267063703334713e+00 3.150000000000000000e+02
1.171585239489238361e+01 2.250000000000000000e+01
1.171585239489238361e+01 6.750000000000000000e+01
1.171585239489238361e+01 1.125000000000000000e+02
1.171585239489238361e+01 1.575000000000000000e+02
1.171585239489238361e+01 2.025000000000000000e+02
1.171585239489238361e+01 2.474999999999999716e+02
1.171585239489238361e+01 2.925000000000000000e+02
1.171585239489238361e+01 3.375000000000000000e+02
1.761243907035038347e+01 1.499999999999999822e+01
1.761243907035038347e+01 4.500000000000000000e+01
1.761243907035038347e+01 7.500000000000000000e+01
1.761243907035038347e+01 1.050000000000000000e+02
1.761243907035038347e+01 1.350000000000000000e+02
1.761243907035038347e+01 1.650000000000000000e+02
1.761243907035038347e+01 1.950000000000000000e+02
1.761243907035038347e+01 2.249999999999999716e+02
1.761243907035038347e+01 2.550000000000000284e+02
1.761243907035038347e+01 2.850000000000000000e+02
1.761243907035038347e+01 3.150000000000000000e+02
1.761243907035038347e+01 3.449999999999999432e+02
2.355646430910123357e+01 1.125000000000000000e+01
2.355646430910123357e+01 3.375000000000000000e+01
2.355646430910123357e+01 5.625000000000000000e+01
2.355646430910123357e+01 7.875000000000000000e+01
2.355646430910123357e+01 1.012500000000000000e+02
2.355646430910123357e+01 1.237499999999999858e+02
2.355646430910123357e+01 1.462500000000000000e+02
2.355646430910123357e+01 1.687500000000000000e+02
2.355646430910123357e+01 1.912500000000000000e+02
2.355646430910123357e+01 2.137500000000000000e+02
2.355646430910123357e+01 2.362500000000000000e+02
2.355646430910123357e+01 2.587500000000000000e+02
2.355646430910123357e+01 2.812500000000000000e+02
2.355646430910123357e+01 3.037500000000000000e+02
2.355646430910123357e+01 3.262500000000000000e+02
2.355646430910123357e+01 3.487500000000000000e+02
2.956556115504771753e+01 9.000000000000000000e+00
2.956556115504771753e+01 2.700000000000000000e+01
2.956556115504771753e+01 4.500000000000000000e+01
2.956556115504771753e+01 6.300000000000000000e+01
2.956556115504771753e+01 8.100000000000000000e+01
2.956556115504771753e+01 9.899999999999998579e+01
2.956556115504771753e+01 1.170000000000000000e+02
2.956556115504771753e+01 1.350000000000000000e+02
2.956556115504771753e+01 1.530000000000000000e+02
2.956556115504771753e+01 1.710000000000000000e+02
2.956556115504771753e+01 1.890000000000000000e+02
2.956556115504771753e+01 2.070000000000000000e+02
2.956556115504771753e+01 2.250000000000000000e+02
2.956556115504771753e+01 2.430000000000000000e+02
2.956556115504771753e+01 2.610000000000000000e+02
2.956556115504771753e+01 2.790000000000000000e+02
2.956556115504771753e+01 2.970000000000000000e+02
2.956556115504771753e+01 3.150000000000000000e+02
2.956556115504771753e+01 3.330000000000000000e+02
2.956556115504771753e+01 3.510000000000000000e+02
3.565908769613875506e+01 7.499999999999999112e+00
3.565908769613875506e+01 2.250000000000000000e+01
3.565908769613875506e+01 3.750000000000000000e+01
3.565908769613875506e+01 5.250000000000000000e+01
3.565908769613875506e+01 6.750000000000000000e+01
3.565908769613875506e+01 8.250000000000000000e+01
3.565908769613875506e+01 9.750000000000000000e+01
3.565908769613875506e+01 1.124999999999999858e+02
3.565908769613875506e+01 1.275000000000000142e+02
3.565908769613875506e+01 1.425000000000000000e+02
3.565908769613875506e+01 1.575000000000000000e+02
3.565908769613875506e+01 1.724999999999999716e+02
3.565908769613875506e+01 1.875000000000000284e+02
3.565908769613875506e+01 2.025000000000000000e+02
3.565908769613875506e+01 2.175000000000000000e+02
3.565908769613875506e+01 2.325000000000000000e+02
3.565908769613875506e+01 2.475000000000000284e+02
3.565908769613875506e+01 2.625000000000000000e+02
3.565908769613875506e+01 2.775000000000000000e+02
3.565908769613875506e+01 2.925000000000000000e+02
3.565908769613875506e+01 3.074999999999999432e+02
3.565908769613875506e+01 3.225000000000000000e+02
3.565908769613875506e+01 3.375000000000000000e+02
3.565908769613875506e+01 3.525000000000000000e+02
4.185879220563971614e+01 6.428571428571428825e+00
4.185879220563971614e+01 1.928571428571428470e+01
4.185879220563971614e+01 3.214285714285714590e+01
4.185879220563971614e+01 4.500000000000000000e+01
4.185879220563971614e+01 5.785714285714285410e+01
4.185879220563971614e+01 7.071428571428570820e+01
4.185879220563971614e+01 8.357142857142858361e+01
4.185879220563971614e+01 9.642857142857141639e+01
4.185879220563971614e+01 1.092857142857142918e+02
4.185879220563971614e+01 1.221428571428571388e+02
4.185879220563971614e+01 1.350000000000000000e+02
4.185879220563971614e+01 1.478571428571428612e+02
4.185879220563971614e+01 1.607142857142857224e+02
4.185879220563971614e+01 1.735714285714285836e+02
4.185879220563971614e+01 1.864285714285714164e+02
4.185879220563971614e+01 1.992857142857142776e+02
4.185879220563971614e+01 2.121428571428571388e+02
4.185879220563971614e+01 2.250000000000000000e+02
4.185879220563971614e+01 2.378571428571428612e+02
4.185879220563971614e+01 2.507142857142857224e+02
4.185879220563971614e+01 2.635714285714285552e+02
4.185879220563971614e+01 2.764285714285714448e+02
4.185879220563971614e+01 2.892857142857142776e+02
4.185879220563971614e+01 3.021428571428571672e+02
4.185879220563971614e+01 3.150000000000000000e+02
4.185879220563971614e+01 3.278571428571428328e+02
4.185879220563971614e+01 3.407142857142857224e+02
4.185879220563971614e+01 3.535714285714285552e+02
4.818968510422141094e+01 5.625000000000000000e+00
4.818968510422141094e+01 1.687500000000000000e+01
4.818968510422141094e+01 2.812499999999999645e+01
4.818968510422141094e+01 3.937500000000000000e+01
4.818968510422141094e+01 5.062499999999999289e+01
4.818968510422141094e+01 6.187499999999999289e+01
4.818968510422141094e+01 7.312500000000000000e+01
4.818968510422141094e+01 8.437500000000000000e+01
4.818968510422141094e+01 9.562500000000000000e+01
4.818968510422141094e+01 1.068750000000000000e+02
4.818968510422141094e+01 1.181250000000000000e+02
4.818968510422141094e+01 1.293750000000000000e+02
4.818968510422141094e+01 1.406249999999999716e+02
4.818968510422141094e+01 1.518750000000000000e+02
4.818968510422141094e+01 1.631249999999999716e+02
4.818968510422141094e+01 1.743749999999999716e+02
4.818968510422141094e+01 1.856250000000000000e+02
4.818968510422141094e+01 1.968750000000000000e+02
4.818968510422141094e+01 2.081250000000000000e+02
4.818968510422141094e+01 2.193750000000000000e+02
4.818968510422141094e+01 2.306249999999999716e+02
4.818968510422141094e+01 2.418750000000000000e+02
4.818968510422141094e+01 2.531249999999999432e+02
4.818968510422141094e+01 2.643749999999999432e+02
4.818968510422141094e+01 2.756250000000000000e+02
4.818968510422141094e+01 2.868750000000000000e+02
4.818968510422141094e+01 2.981250000000000000e+02
4.818968510422141094e+01 3.093749999999999432e+02
4.818968510422141094e+01 3.206250000000000000e+02
4.818968510422141094e+01 3.318750000000000000e+02
4.818968510422141094e+01 3.431249999999999432e+02
4.818968510422141094e+01 3.543750000000000000e+02
5.431466528734795673e+01 0.000000000000000000e+00
5.431466528734795673e+01 1.125000000000000000e+01
5.431466528734795673e+01 2.250000000000000000e+01
5.431466528734795673e+01 3.375000000000000000e+01
5.431466528734795673e+01 4.500000000000000000e+01
5.431466528734795673e+01 5.624999999999999289e+01
5.431466528734795673e+01 6.750000000000000000e+01
5.431466528734795673e+01 7.875000000000000000e+01
5.431466528734795673e+01 9.000000000000000000e+01
5.431466528734795673e+01 1.012499999999999858e+02
5.431466528734795673e+01 1.124999999999999858e+02
5.431466528734795673e+01 1.237499999999999858e+02
5.431466528734795673e+01 1.350000000000000000e+02
5.431466528734795673e+01 1.462500000000000000e+02
5.431466528734795673e+01 1.575000000000000000e+02
5.431466528734795673e+01 1.687500000000000000e+02
5.431466528734795673e+01 1.800000000000000000e+02
5.431466528734795673e+01 1.912500000000000000e+02
5.431466528734795673e+01 2.024999999999999716e+02
5.431466528734795673e+01 2.137500000000000000e+02
5.431466528734795673e+01 2.249999999999999716e+02
5.431466528734795673e+01 2.362500000000000000e+02
5.431466528734795673e+01 2.474999999999999716e+02
5.431466528734795673e+01 2.587500000000000000e+02
5.431466528734795673e+01 2.700000000000000000e+02
5.431466528734795673e+01 2.812499999999999432e+02
5.431466528734795673e+01 2.925000000000000000e+02
5.431466528734795673e+01 3.037500000000000000e+02
5.431466528734795673e+01 3.150000000000000000e+02
5.431466528734795673e+01 3.262499999999999432e+02
5.431466528734795673e+01 3.375000000000000000e+02
5.431466528734795673e+01 3.487499999999999432e+02
5.999999999999999289e+01 5.625000000000000000e+00
5.999999999999999289e+01 1.687500000000000000e+01
5.999999999999999289e+01 2.812499999999999645e+01
5.999999999999999289e+01 3.937500000000000000e+01
5.999999999999999289e+01 5.062499999999999289e+01
5.999999999999999289e+01 6.187499999999999289e+01
5.999999999999999289e+01 7.312500000000000000e+01
5.999999999999999289e+01 8.437500000000000000e+01
5.999999999999999289e+01 9.562500000000000000e+01
5.999999999999999289e+01 1.068750000000000000e+02
5.999999999999999289e+01 1.181250000000000000e+02
5.999999999999999289e+01 1.293750000000000000e+02
5.999999999999999289e+01 1.406249999999999716e+02
5.999999999999999289e+01 1.518750000000000000e+02
5.999999999999999289e+01 1.631249999999999716e+02
5.999999999999999289e+01 1.743749999999999716e+02
5.999999999999999289e+01 1.856250000000000000e+02
5.999999999999999289e+01 1.968750000000000000e+02
5.999999999999999289e+01 2.081250000000000000e+02
5.999999999999999289e+01 2.193750000000000000e+02
5.999999999999999289e+01 2.306249999999999716e+02
5.999999999999999289e+01 2.418750000000000000e+02
5.999999999999999289e+01 2.531249999999999432e+02
5.999999999999999289e+01 2.643749999999999432e+02
5.999999999999999289e+01 2.756250000000000000e+02
5.999999999999999289e+01 2.868750000000000000e+02
5.999999999999999289e+01 2.981250000000000000e+02
5.999999999999999289e+01 3.093749999999999432e+02
5.999999999999999289e+01 3.206250000000000000e+02
5.999999999999999289e+01 3.318750000000000000e+02
5.999999999999999289e+01 3.431249999999999432e+02
5.999999999999999289e+01 3.543750000000000000e+02
6.537568164783591840e+01 0.000000000000000000e+00
6.537568164783591840e+01 1.125000000000000000e+01
6.537568164783591840e+01 2.250000000000000000e+01
6.537568164783591840e+01 3.375000000000000000e+01
6.537568164783591840e+01 4.500000000000000000e+01
6.537568164783591840e+01 5.624999999999999289e+01
6.537568164783591840e+01 6.750000000000000000e+01
6.537568164783591840e+01 7.875000000000000000e+01
6.537568164783591840e+01 9.000000000000000000e+01
6.537568164783591840e+01 1.012499999999999858e+02
6.537568164783591840e+01 1.124999999999999858e+02
6.537568164783591840e+01 1.237499999999999858e+02
6.537568164783591840e+01 1.350000000000000000e+02
6.537568164783591840e+01 1.462500000000000000e+02
6.537568164783591840e+01 1.575000000000000000e+02
6.537568164783591840e+01 1.687500000000000000e+02
6.537568164783591840e+01 1.800000000000000000e+02
6.537568164783591840e+01 1.912500000000000000e+02
6.537568164783591840e+01 2.024999999999999716e+02
6.537568164783591840e+01 2.137500000000000000e+02
6.537568164783591840e+01 2.249999999999999716e+02
6.537568164783591840e+01 2.362500000000000000e+02
6.537568164783591840e+01 2.474999999999999716e+02
6.537568164783591840e+01 2.587500000000000000e+02
6.537568164783591840e+01 2.700000000000000000e+02
6.537568164783591840e+01 2.812499999999999432e+02
6.537568164783591840e+01 2.925000000000000000e+02
6.537568164783591840e+01 3.037500000000000000e+02
6.537568164783591840e+01 3.150000000000000000e+02
6.537568164783591840e+01 3.262499999999999432e+02
6.537568164783591840e+01 3.375000000000000000e+02
6.537568164783591840e+01 3.487499999999999432e+02
7.052877936550930826e+01 5.625000000000000000e+00
7.052877936550930826e+01 1.687500000000000000e+01
7.052877936550930826e+01 2.812499999999999645e+01
7.052877936550930826e+01 3.937500000000000000e+01
7.052877936550930826e+01 5.062499999999999289e+01
7.052877936550930826e+01 6.187499999999999289e+01
7.052877936550930826e+01 7.312500000000000000e+01
7.052877936550930826e+01 8.437500000000000000e+01
7.052877936550930826e+01 9.562500000000000000e+01
7.052877936550930826e+01 1.068750000000000000e+02
7.052877936550930826e+01 1.181250000000000000e+02
7.052877936550930826e+01 1.293750000000000000e+02
7.052877936550930826e+01 1.406249999999999716e+02
7.052877936550930826e+01 1.518750000000000000e+02
7.052877936550930826e+01 1.631249999999999716e+02
7.052877936550930826e+01 1.743749999999999716e+02
7.052877936550930826e+01 1.856250000000000000e+02
7.052877936550930826e+01 1.968750000000000000e+02
7.052877936550930826e+01 2.081250000000000000e+02
7.052877936550930826e+01 2.193750000000000000e+02
7.052877936550930826e+01 2.306249999999999716e+02
7.052877936550930826e+01 2.418750000000000000e+02
7.052877936550930826e+01 2.531249999999999432e+02
7.052877936550930826e+01 2.643749999999999432e+02
7.052877936550930826e+01 2.756250000000000000e+02
7.052877936550930826e+01 2.868750000000000000e+02
7.052877936550930826e+01 2.981250000000000000e+02
7.052877936550930826e+01 3.093749999999999432e+02
7.052877936550930826e+01 3.206250000000000000e+02
7.052877936550930826e+01 3.318750000000000000e+02
7.052877936550930826e+01 3.431249999999999432e+02
7.052877936550930826e+01 3.543750000000000000e+02
7.552248781407007527e+01 0.000000000000000000e+00
7.552248781407007527e+01 1.125000000000000000e+01
7.552248781407007527e+01 2.250000000000000000e+01
7.552248781407007527e+01 3.375000000000000000e+01
7.552248781407007527e+01 4.500000000000000000e+01
7.552248781407007527e+01 5.624999999999999289e+01
7.552248781407007527e+01 6.750000000000000000e+01
7.552248781407007527e+01 7.875000000000000000e+01
7.552248781407007527e+01 9.000000000000000000e+01
7.552248781407007527e+01 1.012499999999999858e+02
7.552248781407007527e+01 1.124999999999999858e+02
7.552248781407007527e+01 1.237499999999999858e+02
7.552248781407007527e+01 1.350000000000000000e+02
7.552248781407007527e+01 1.462500000000000000e+02
7.552248781407007527e+01 1.575000000000000000e+02
7.552248781407007527e+01 1.687500000000000000e+02
7.552248781407007527e+01 1.800000000000000000e+02
7.552248781407007527e+01 1.912500000000000000e+02
7.552248781407007527e+01 2.024999999999999716e+02
7.552248781407007527e+01 2.137500000000000000e+02
7.552248781407007527e+01 2.249999999999999716e+02
7.552248781407007527e+01 2.362500000000000000e+02
7.552248781407007527e+01 2.474999999999999716e+02
7.552248781407007527e+01 2.587500000000000000e+02
7.552248781407007527e+01 2.700000000000000000e+02
7.552248781407007527e+01 2.812499999999999432e+02
7.552248781407007527e+01 2.925000000000000000e+02
7.552248781407007527e+01 3.037500000000000000e+02
7.552248781407007527e+01 3.150000000000000000e+02
7.552248781407007527e+01 3.262499999999999432e+02
7.552248781407007527e+01 3.375000000000000000e+02
7.552248781407007527e+01 3.487499999999999432e+02
8.040593177313954243e+01 5.625000000000000000e+00
8.040593177313954243e+01 1.687500000000000000e+01
8.040593177313954243e+01 2.812499999999999645e+01
8.040593177313954243e+01 3.937500000000000000e+01
8.040593177313954243e+01 5.062499999999999289e+01
8.040593177313954243e+01 6.187499999999999289e+01
8.040593177313954243e+01 7.312500000000000000e+01
8.040593177313954243e+01 8.437500000000000000e+01
8.040593177313954243e+01 9.562500000000000000e+01
8.040593177313954243e+01 1.068750000000000000e+02
8.040593177313954243e+01 1.181250000000000000e+02
8.040593177313954243e+01 1.293750000000000000e+02
8.040593177313954243e+01 1.406249999999999716e+02
8.040593177313954243e+01 1.518750000000000000e+02
8.040593177313954243e+01 1.631249999999999716e+02
8.040593177313954243e+01 1.743749999999999716e+02
8.040593177313954243e+01 1.856250000000000000e+02
8.040593177313954243e+01 1.968750000000000000e+02
8.040593177313954243e+01 2.081250000000000000e+02
8.040593177313954243e+01 2.193750000000000000e+02
8.040593177313954243e+01 2.306249999999999716e+02
8.040593177313954243e+01 2.418750000000000000e+02
8.040593177313954243e+01 2.531249999999999432e+02
8.040593177313954243e+01 2.643749999999999432e+02
8.040593177313954243e+01 2.756250000000000000e+02
8.040593177313954243e+01 2.868750000000000000e+02
8.040593177313954243e+01 2.981250000000000000e+02
8.040593177313954243e+01 3.093749999999999432e+02
8.040593177313954243e+01 3.206250000000000000e+02
8.040593177313954243e+01 3.318750000000000000e+02
8.040593177313954243e+01 3.431249999999999432e+02
8.040593177313954243e+01 3.543750000000000000e+02
8.521980815280083732e+01 0.000000000000000000e+00
8.521980815280083732e+01 1.125000000000000000e+01
8.521980815280083732e+01 2.250000000000000000e+01
8.521980815280083732e+01 3.375000000000000000e+01
8.521980815280083732e+01 4.500000000000000000e+01
8.521980815280083732e+01 5.624999999999999289e+01
8.521980815280083732e+01 6.750000000000000000e+01
8.521980815280083732e+01 7.875000000000000000e+01
8.521980815280083732e+01 9.000000000000000000e+01
8.521980815280083732e+01 1.012499999999999858e+02
8.521980815280083732e+01 1.124999999999999858e+02
8.521980815280083732e+01 1.237499999999999858e+02
8.521980815280083732e+01 1.350000000000000000e+02
8.521980815280083732e+01 1.462500000000000000e+02
8.521980815280083732e+01 1.575000000000000000e+02
8.521980815280083732e+01 1.687500000000000000e+02
8.521980815280083732e+01 1.800000000000000000e+02
8.521980815280083732e+01 1.912500000000000000e+02
8.521980815280083732e+01 2.024999999999999716e+02
8.521980815280083732e+01 2.137500000000000000e+02
8.521980815280083732e+01 2.249999999999999716e+02
8.521980815280083732e+01 2.362500000000000000e+02
8.521980815280083732e+01 2.474999999999999716e+02
8.521980815280083732e+01 2.587500000000000000e+02
8.521980815280083732e+01 2.700000000000000000e+02
8.521980815280083732e+01 2.812499999999999432e+02
8.521980815280083732e+01 2.925000000000000000e+02
8.521980815280083732e+01 3.037500000000000000e+02
8.521980815280083732e+01 3.150000000000000000e+02
8.521980815280083732e+01 3.262499999999999432e+02
8.521980815280083732e+01 3.375000000000000000e+02
8.521980815280083732e+01 3.487499999999999432e+02
9.000000000000000000e+01 5.625000000000000000e+00
9.000000000000000000e+01 1.687500000000000000e+01
9.000000000000000000e+01 2.812499999999999645e+01
9.000000000000000000e+01 3.937500000000000000e+01
9.000000000000000000e+01 5.062499999999999289e+01
9.000000000000000000e+01 6.187499999999999289e+01
9.000000000000000000e+01 7.312500000000000000e+01
9.000000000000000000e+01 8.437500000000000000e+01
9.000000000000000000e+01 9.562500000000000000e+01
9.000000000000000000e+01 1.068750000000000000e+02
9.000000000000000000e+01 1.181250000000000000e+02
9.000000000000000000e+01 1.293750000000000000e+02
9.000000000000000000e+01 1.406249999999999716e+02
9.000000000000000000e+01 1.518750000000000000e+02
9.000000000000000000e+01 1.631249999999999716e+02
9.000000000000000000e+01 1.743749999999999716e+02
9.000000000000000000e+01 1.856250000000000000e+02
9.000000000000000000e+01 1.968750000000000000e+02
9.000000000000000000e+01 2.081250000000000000e+02
9.000000000000000000e+01 2.193750000000000000e+02
9.000000000000000000e+01 2.306249999999999716e+02
9.000000000000000000e+01 2.418750000000000000e+02
9.000000000000000000e+01 2.531249999999999432e+02
9.000000000000000000e+01 2.643749999999999432e+02
9.000000000000000000e+01 2.756250000000000000e+02
9.000000000000000000e+01 2.868750000000000000e+02
9.000000000000000000e+01 2.981250000000000000e+02
9.000000000000000000e+01 3.093749999999999432e+02
9.000000000000000000e+01 3.206250000000000000e+02
9.000000000000000000e+01 3.318750000000000000e+02
9.000000000000000000e+01 3.431249999999999432e+02
9.000000000000000000e+01 3.543750000000000000e+02
9.478019184719916268e+01 0.000000000000000000e+00
9.478019184719916268e+01 1.125000000000000000e+01
9.478019184719916268e+01 2.250000000000000000e+01
9.478019184719916268e+01 3.375000000000000000e+01
9.478019184719916268e+01 4.500000000000000000e+01
9.478019184719916268e+01 5.624999999999999289e+01
9.478019184719916268e+01 6.750000000000000000e+01
9.478019184719916268e+01 7.875000000000000000e+01
9.478019184719916268e+01 9.000000000000000000e+01
9.478019184719916268e+01 1.012499999999999858e+02
9.478019184719916268e+01 1.124999999999999858e+02
9.478019184719916268e+01 1.237499999999999858e+02
9.478019184719916268e+01 1.350000000000000000e+02
9.478019184719916268e+01 1.462500000000000000e+02
9.478019184719916268e+01 1.575000000000000000e+02
9.478019184719916268e+01 1.687500000000000000e+02
9.478019184719916268e+01 1.800000000000000000e+02
9.478019184719916268e+01 1.912500000000000000e+02
9.478019184719916268e+01 2.024999999999999716e+02
9.478019184719916268e+01 2.137500000000000000e+02
9.478019184719916268e+01 2.249999999999999716e+02
9.478019184719916268e+01 2.362500000000000000e+02
9.478019184719916268e+01 2.474999999999999716e+02
9.478019184719916268e+01 2.587500000000000000e+02
9.478019184719916268e+01 2.700000000000000000e+02
9.478019184719916268e+01 2.812499999999999432e+02
9.478019184719916268e+01 2.925000000000000000e+02
9.478019184719916268e+01 3.037500000000000000e+02
9.478019184719916268e+01 3.150000000000000000e+02
9.478019184719916268e+01 3.262499999999999432e+02
9.478019184719916268e+01 3.375000000000000000e+02
9.478019184719916268e+01 3.487499999999999432e+02
9.959406822686045757e+01 5.625000000000000000e+00
9.959406822686045757e+01 1.687500000000000000e+01
9.959406822686045757e+01 2.812499999999999645e+01
9.959406822686045757e+01 3.937500000000000000e+01
9.959406822686045757e+01 5.062499999999999289e+01
9.959406822686045757e+01 6.187499999999999289e+01
9.959406822686045757e+01 7.312500000000000000e+01
9.959406822686045757e+01 8.437500000000000000e+01
9.959406822686045757e+01 9.562500000000000000e+01
9.959406822686045757e+01 1.068750000000000000e+02
9.959406822686045757e+01 1.181250000000000000e+02
9.959406822686045757e+01 1.293750000000000000e+02
9.959406822686045757e+01 1.406249999999999716e+02
9.959406822686045757e+01 1.518750000000000000e+02
9.959406822686045757e+01 1.631249999999999716e+02
9.959406822686045757e+01 1.743749999999999716e+02
9.959406822686045757e+01 1.856250000000000000e+02
9.959406822686045757e+01 1.968750000000000000e+02
9.959406822686045757e+01 2.081250000000000000e+02
9.959406822686045757e+01 2.193750000000000000e+02
9.959406822686045757e+01 2.306249999999999716e+02
9.959406822686045757e+01 2.418750000000000000e+02
9.959406822686045757e+01 2.531249999999999432e+02
9.959406822686045757e+01 2.643749999999999432e+02
9.959406822686045757e+01 2.756250000000000000e+02
9.959406822686045757e+01 2.868750000000000000e+02
9.959406822686045757e+01 2.981250000000000000e+02
9.959406822686045757e+01 3.093749999999999432e+02
9.959406822686045757e+01 3.206250000000000000e+02
9.959406822686045757e+01 3.318750000000000000e+02
9.959406822686045757e+01 3.431249999999999432e+02
9.959406822686045757e+01 3.543750000000000000e+02
1.044775121859299247e+02 0.000000000000000000e+00
1.044775121859299247e+02 1.125000000000000000e+01
1.044775121859299247e+02 2.250000000000000000e+01
1.044775121859299247e+02 3.375000000000000000e+01
1.044775121859299247e+02 4.500000000000000000e+01
1.044775121859299247e+02 5.624999999999999289e+01
1.044775121859299247e+02 6.750000000000000000e+01
1.044775121859299247e+02 7.875000000000000000e+01
1.044775121859299247e+02 9.000000000000000000e+01
1.044775121859299247e+02 1.012499999999999858e+02
1.044775121859299247e+02 1.124999999999999858e+02
1.044775121859299247e+02 1.237499999999999858e+02
1.044775121859299247e+02 1.350000000000000000e+02
1.044775121859299247e+02 1.462500000000000000e+02
1.044775121859299247e+02 1.575000000000000000e+02
1.044775121859299247e+02 1.687500000000000000e+02
1.044775121859299247e+02 1.800000000000000000e+02
1.044775121859299247e+02 1.912500000000000000e+02
1.044775121859299247e+02 2.024999999999999716e+02
1.044775121859299247e+02 2.137500000000000000e+02
1.044775121859299247e+02 2.249999999999999716e+02
1.044775121859299247e+02 2.362500000000000000e+02
1.044775121859299247e+02 2.474999999999999716e+02
1.044775121859299247e+02 2.587500000000000000e+02
1.044775121859299247e+02 2.700000000000000000e+02
1.044775121859299247e+02 2.812499999999999432e+02
1.044775121859299247e+02 2.925000000000000000e+02
1.044775121859299247e+02 3.037500000000000000e+02
1.044775121859299247e+02 3.150000000000000000e+02
1.044775121859299247e+02 3.262499999999999432e+02
1.044775121859299247e+02 3.375000000000000000e+02
1.044775121859299247e+02 3.487499999999999432e+02
1.094712206344906917e+02 5.625000000000000000e+00
1.094712206344906917e+02 1.687500000000000000e+01
1.094712206344906917e+02 2.812499999999999645e+01
1.094712206344906917e+02 3.937500000000000000e+01
1.094712206344906917e+02 5.062499999999999289e+01
1.094712206344906917e+02 6.187499999999999289e+01
1.094712206344906917e+02 7.312500000000000000e+01
1.094712206344906917e+02 8.437500000000000000e+01
1.094712206344906917e+02 9.562500000000000000e+01
1.094712206344906917e+02 1.068750000000000000e+02
1.094712206344906917e+02 1.181250000000000000e+02
1.094712206344906917e+02 1.293750000000000000e+02
1.094712206344906917e+02 1.406249999999999716e+02
1.094712206344906917e+02 1.518750000000000000e+02
1.094712206344906917e+02 1.631249999999999716e+02
1.094712206344906917e+02 1.743749999999999716e+02
1.094712206344906917e+02 1.856250000000000000e+02
1.094712206344906917e+02 1.968750000000000000e+02
1.094712206344906917e+02 2.081250000000000000e+02
1.094712206344906917e+02 2.193750000000000000e+02
1.094712206344906917e+02 2.306249999999999716e+02
1.094712206344906917e+02 2.418750000000000000e+02
1.094712206344906917e+02 2.531249999999999432e+02
1.094712206344906917e+02 2.643749999999999432e+02
1.094712206344906917e+02 2.756250000000000000e+02
1.094712206344906917e+02 2.868750000000000000e+02
1.094712206344906917e+02 2.981250000000000000e+02
1.094712206344906917e+02 3.093749999999999432e+02
1.094712206344906917e+02 3.206250000000000000e+02
1.094712206344906917e+02 3.318750000000000000e+02
1.094712206344906917e+02 3.431249999999999432e+02
1.094712206344906917e+02 3.543750000000000000e+02
1.146243183521640816e+02 0.000000000000000000e+00
1.146243183521640816e+02 1.125000000000000000e+01
1.146243183521640816e+02 2.250000000000000000e+01
1.146243183521640816e+02 3.375000000000000000e+01
1.146243183521640816e+02 4.500000000000000000e+01
1.146243183521640816e+02 5.624999999999999289e+01
1.146243183521640816e+02 6.750000000000000000e+01
1.146243183521640816e+02 7.875000000000000000e+01
1.146243183521640816e+02 9.000000000000000000e+01
1.146243183521640816e+02 1.012499999999999858e+02
1.146243183521640816e+02 1.124999999999999858e+02
1.146243183521640816e+02 1.237499999999999858e+02
1.146243183521640816e+02 1.350000000000000000e+02
1.146243183521640816e+02 1.462500000000000000e+02
1.146243183521640816e+02 1.575000000000000000e+02
1.146243183521640816e+02 1.687500000000000000e+02
1.146243183521640816e+02 1.800000000000000000e+02
1.146243183521640816e+02 1.912500000000000000e+02
1.146243183521640816e+02 2.024999999999999716e+02
1.146243183521640816e+02 2.137500000000000000e+02
1.146243183521640816e+02 2.249999999999999716e+02
1.146243183521640816e+02 2.362500000000000000e+02
1.146243183521640816e+02 2.474999999999999716e+02
1.146243183521640816e+02 2.587500000000000000e+02
1.146243183521640816e+02 2.700000000000000000e+02
1.146243183521640816e+02 2.812499999999999432e+02
1.146243183521640816e+02 2.925000000000000000e+02
1.146243183521640816e+02 3.037500000000000000e+02
1.146243183521640816e+02 3.150000000000000000e+02
1.146243183521640816e+02 3.262499999999999432e+02
1.146243183521640816e+02 3.375000000000000000e+02
1.146243183521640816e+02 3.487499999999999432e+02
1.200000000000000142e+02 5.625000000000000000e+00
1.200000000000000142e+02 1.687500000000000000e+01
1.200000000000000142e+02 2.812499999999999645e+01
1.200000000000000142e+02 3.937500000000000000e+01
1.200000000000000142e+02 5.062499999999999289e+01
1.200000000000000142e+02 6.187499999999999289e+01
1.200000000000000142e+02 7.312500000000000000e+01
1.200000000000000142e+02 8.437500000000000000e+01
1.200000000000000142e+02 9.562500000000000000e+01
1.200000000000000142e+02 1.068750000000000000e+02
1.200000000000000142e+02 1.181250000000000000e+02
1.200000000000000142e+02 1.293750000000000000e+02
1.200000000000000142e+02 1.406249999999999716e+02
1.200000000000000142e+02 1.518750000000000000e+02
1.200000000000000142e+02 1.631249999999999716e+02
1.200000000000000142e+02 1.743749999999999716e+02
1.200000000000000142e+02 1.856250000000000000e+02
1.200000000000000142e+02 1.968750000000000000e+02
1.200000000000000142e+02 2.081250000000000000e+02
1.200000000000000142e+02 2.193750000000000000e+02
1.200000000000000142e+02 2.306249999999999716e+02
1.200000000000000142e+02 2.418750000000000000e+02
1.200000000000000142e+02 2.531249999999999432e+02
1.200000000000000142e+02 2.643749999999999432e+02
1.200000000000000142e+02 2.756250000000000000e+02
1.200000000000000142e+02 2.868750000000000000e+02
1.200000000000000142e+02 2.981250000000000000e+02
1.200000000000000142e+02 3.093749999999999432e+02
1.200000000000000142e+02 3.206250000000000000e+02
1.200000000000000142e+02 3.318750000000000000e+02
1.200000000000000142e+02 3.431249999999999432e+02
1.200000000000000142e+02 3.543750000000000000e+02
1.256853347126520504e+02 0.000000000000000000e+00
1.256853347126520504e+02 1.125000000000000000e+01
1.256853347126520504e+02 2.250000000000000000e+01
1.256853347126520504e+02 3.375000000000000000e+01
1.256853347126520504e+02 4.500000000000000000e+01
1.256853347126520504e+02 5.624999999999999289e+01
1.256853347126520504e+02 6.750000000000000000e+01
1.256853347126520504e+02 7.875000000000000000e+01
1.256853347126520504e+02 9.000000000000000000e+01
1.256853347126520504e+02 1.012499999999999858e+02
1.256853347126520504e+02 1.124999999999999858e+02
1.256853347126520504e+02 1.237499999999999858e+02
1.256853347126520504e+02 1.350000000000000000e+02
1.256853347126520504e+02 1.462500000000000000e+02
1.256853347126520504e+02 1.575000000000000000e+02
1.256853347126520504e+02 1.687500000000000000e+02
1.256853347126520504e+02 1.800000000000000000e+02
1.256853347126520504e+02 1.912500000000000000e+02
1.256853347126520504e+02 2.024999999999999716e+02
1.256853347126520504e+02 2.137500000000000000e+02
1.256853347126520504e+02 2.249999999999999716e+02
1.256853347126520504e+02 2.362500000000000000e+02
1.256853347126520504e+02 2.474999999999999716e+02
1.256853347126520504e+02 2.587500000000000000e+02
1.256853347126520504e+02 2.700000000000000000e+02
1.256853347126520504e+02 2.812499999999999432e+02
1.256853347126520504e+02 2.925000000000000000e+02
1.256853347126520504e+02 3.037500000000000000e+02
1.256853347126520504e+02 3.150000000000000000e+02
1.256853347126520504e+02 3.262499999999999432e+02
1.256853347126520504e+02 3.375000000000000000e+02
1.256853347126520504e+02 3.487499999999999432e+02
1.318103148957786175e+02 5.625000000000000000e+00
1.318103148957786175e+02 1.687500000000000000e+01
1.318103148957786175e+02 2.812499999999999645e+01
1.318103148957786175e+02 3.937500000000000000e+01
1.318103148957786175e+02 5.062499999999999289e+01
1.318103148957786175e+02 6.187499999999999289e+01
1.318103148957786175e+02 7.312500000000000000e+01
1.318103148957786175e+02 8.437500000000000000e+01
1.318103148957786175e+02 9.562500000000000000e+01
1.318103148957786175e+02 1.068750000000000000e+02
1.318103148957786175e+02 1.181250000000000000e+02
1.318103148957786175e+02 1.293750000000000000e+02
1.318103148957786175e+02 1.406249999999999716e+02
1.318103148957786175e+02 1.518750000000000000e+02
1.318103148957786175e+02 1.631249999999999716e+02
1.318103148957786175e+02 1.743749999999999716e+02
1.318103148957786175e+02 1.856250000000000000e+02
1.318103148957786175e+02 1.968750000000000000e+02
1.318103148957786175e+02 2.081250000000000000e+02
1.318103148957786175e+02 2.193750000000000000e+02
1.318103148957786175e+02 2.306249999999999716e+02
1.318103148957786175e+02 2.418750000000000000e+02
1.318103148957786175e+02 2.531249999999999432e+02
1.318103148957786175e+02 2.643749999999999432e+02
1.318103148957786175e+02 2.756250000000000000e+02
1.318103148957786175e+02 2.868750000000000000e+02
1.318103148957786175e+02 2.981250000000000000e+02
1.318103148957786175e+02 3.093749999999999432e+02
1.318103148957786175e+02 3.206250000000000000e+02
1.318103148957786175e+02 3.318750000000000000e+02
1.318103148957786175e+02 3.431249999999999432e+02
1.318103148957786175e+02 3.543750000000000000e+02
1.381412077943602981e+02 6.428571428571428825e+00
1.381412077943602981e+02 1.928571428571428470e+01
1.381412077943602981e+02 3.214285714285714590e+01
1.381412077943602981e+02 4.500000000000000000e+01
1.381412077943602981e+02 5.785714285714285410e+01
1.381412077943602981e+02 7.071428571428570820e+01
1.381412077943602981e+02 8.357142857142858361e+01
1.381412077943602981e+02 9.642857142857141639e+01
1.381412077943602981e+02 1.092857142857142918e+02
1.381412077943602981e+02 1.221428571428571388e+02
1.381412077943602981e+02 1.350000000000000000e+02
1.381412077943602981e+02 1.478571428571428612e+02
1.381412077943602981e+02 1.607142857142857224e+02
1.381412077943602981e+02 1.735714285714285836e+02
1.381412077943602981e+02 1.864285714285714164e+02
1.381412077943602981e+02 1.992857142857142776e+02
1.381412077943602981e+02 2.121428571428571388e+02
1.381412077943602981e+02 2.250000000000000000e+02
1.381412077943602981e+02 2.378571428571428612e+02
1.381412077943602981e+02 2.507142857142857224e+02
1.381412077943602981e+02 2.635714285714285552e+02
1.381412077943602981e+02 2.764285714285714448e+02
1.381412077943602981e+02 2.892857142857142776e+02
1.381412077943602981e+02 3.021428571428571672e+02
1.381412077943602981e+02 3.150000000000000000e+02
1.381412077943602981e+02 3.278571428571428328e+02
1.381412077943602981e+02 3.407142857142857224e+02
1.381412077943602981e+02 3.535714285714285552e+02
1.443409123038612449e+02 7.499999999999999112e+00
1.443409123038612449e+02 2.250000000000000000e+01
1.443409123038612449e+02 3.750000000000000000e+01
1.443409123038612449e+02 5.250000000000000000e+01
1.443409123038612449e+02 6.750000000000000000e+01
1.443409123038612449e+02 8.250000000000000000e+01
1.443409123038612449e+02 9.750000000000000000e+01
1.443409123038612449e+02 1.124999999999999858e+02
1.443409123038612449e+02 1.275000000000000142e+02
1.443409123038612449e+02 1.425000000000000000e+02
1.443409123038612449e+02 1.575000000000000000e+02
1.443409123038612449e+02 1.724999999999999716e+02
1.443409123038612449e+02 1.875000000000000284e+02
1.443409123038612449e+02 2.025000000000000000e+02
1.443409123038612449e+02 2.175000000000000000e+02
1.443409123038612449e+02 2.325000000000000000e+02
1.443409123038612449e+02 2.475000000000000284e+02
1.443409123038612449e+02 2.625000000000000000e+02
1.443409123038612449e+02 2.775000000000000000e+02
1.443409123038612449e+02 2.925000000000000000e+02
1.443409123038612449e+02 3.074999999999999432e+02
1.443409123038612449e+02 3.225000000000000000e+02
1.443409123038612449e+02 3.375000000000000000e+02
1.443409123038612449e+02 3.525000000000000000e+02
1.504344388449522967e+02 9.000000000000000000e+00
1.504344388449522967e+02 2.700000000000000000e+01
1.504344388449522967e+02 4.500000000000000000e+01
1.504344388449522967e+02 6.300000000000000000e+01
1.504344388449522967e+02 8.100000000000000000e+01
1.504344388449522967e+02 9.899999999999998579e+01
1.504344388449522967e+02 1.170000000000000000e+02
1.504344388449522967e+02 1.350000000000000000e+02
1.504344388449522967e+02 1.530000000000000000e+02
1.504344388449522967e+02 1.710000000000000000e+02
1.504344388449522967e+02 1.890000000000000000e+02
1.504344388449522967e+02 2.070000000000000000e+02
1.504344388449522967e+02 2.250000000000000000e+02
1.504344388449522967e+02 2.430000000000000000e+02
1.504344388449522967e+02 2.610000000000000000e+02
1.504344388449522967e+02 2.790000000000000000e+02
1.504344388449522967e+02 2.970000000000000000e+02
1.504344388449522967e+02 3.150000000000000000e+02
1.504344388449522967e+02 3.330000000000000000e+02
1.504344388449522967e+02 3.510000000000000000e+02
1.564435356908987558e+02 1.125000000000000000e+01
1.564435356908987558e+02 3.375000000000000000e+01
1.564435356908987558e+02 5.625000000000000000e+01
1.564435356908987558e+02 7.875000000000000000e+01
1.564435356908987558e+02 1.012500000000000000e+02
1.564435356908987558e+02 1.237499999999999858e+02
1.564435356908987558e+02 1.462500000000000000e+02
1.564435356908987558e+02 1.687500000000000000e+02
1.564435356908987558e+02 1.912500000000000000e+02
1.564435356908987558e+02 2.137500000000000000e+02
1.564435356908987558e+02 2.362500000000000000e+02
1.564435356908987558e+02 2.587500000000000000e+02
1.564435356908987558e+02 2.812500000000000000e+02
1.564435356908987558e+02 3.037500000000000000e+02
1.564435356908987558e+02 3.262500000000000000e+02
1.564435356908987558e+02 3.487500000000000000e+02
1.623875609296496236e+02 1.499999999999999822e+01
1.623875609296496236e+02 4.500000000000000000e+01
1.623875609296496236e+02 7.500000000000000000e+01
1.623875609296496236e+02 1.050000000000000000e+02
1.623875609296496236e+02 1.350000000000000000e+02
1.623875609296496236e+02 1.650000000000000000e+02
1.623875609296496236e+02 1.950000000000000000e+02
1.623875609296496236e+02 2.249999999999999716e+02
1.623875609296496236e+02 2.550000000000000284e+02
1.623875609296496236e+02 2.850000000000000000e+02
1.623875609296496236e+02 3.150000000000000000e+02
1.623875609296496236e+02 3.449999999999999432e+02
1.682841476051076199e+02 2.250000000000000000e+01
1.682841476051076199e+02 6.750000000000000000e+01
1.682841476051076199e+02 1.125000000000000000e+02
1.682841476051076199e+02 1.575000000000000000e+02
1.682841476051076199e+02 2.025000000000000000e+02
1.682841476051076199e+02 2.474999999999999716e+02
1.682841476051076199e+02 2.925000000000000000e+02
1.682841476051076199e+02 3.375000000000000000e+02
1.741497329362966582e+02 4.500000000000000000e+01
1.741497329362966582e+02 1.350000000000000000e+02
1.741497329362966582e+02 2.250000000000000000e+02
1.741497329362966582e+02 3.150000000000000000e+02
