1.0 0.0181024498326
1.05613 0.0293903761518
1.1154 0.0449786205948
1.1154 8.00899644103e-05
1.12877 9.60844652475e-06
1.1423 1.5308368673e-06
1.1423 2.49742635583e-08
1.21752 4.69476821964e-08
1.2977 2.9676893428e-07
1.2977 3.99761024548e-08
1.5 5.98850954902e-06
2.0 0.00261769793032
3.0 0.123218657328
4.0 0.376690267812
5.0 0.585269765754
6.0 0.721296638369
8.0 0.861586966796
10.0 0.922311333975
10.3671 0.929358830659
10.3671 0.592508772604
15.0 0.817246366006
20.0 0.911322971866
30.0 0.970171091547
40.0 0.986554939241
50.0 0.992754710581
60.0 0.99559378398
80.0 0.99791641648
100.0 0.998772183584
150.0 0.99943587238
200.0 0.999617341632
300.0 0.999734558036
400.0 0.999779581296
500.0 0.999805319913
600.0 0.999823022982
800.0 0.999847155442
1000.0 0.999863677413
1250.0 0.999878521419
1500.0 0.999889087271
2000.0 0.999902773407
3000.0 0.999916365178
4000.0 0.999922463806
5000.0 0.999925394943
6000.0 0.999926742323
8000.0 0.999927049621
10000.0 0.999926009537
15000.0 0.999921991043
20000.0 0.999917759822
