1.0 1.94556810727e-97
1.5 1.49763031482e-33
1.5596 2.8058900298e-30
1.5596 9.88131291682e-324
2.0 2.04476364112e-185
3.0 4.88940708006e-65
4.0 3.79010146241e-30
5.0 1.64482416496e-16
6.0 3.89103399168e-10
8.0 7.80614984707e-05
10.0 0.00723270917498
15.0 0.224270223338
20.0 0.523806614016
30.0 0.808985925079
40.0 0.898676170672
50.0 0.933164900054
60.0 0.949135056459
80.0 0.962787788956
100.0 0.968485693554
150.0 0.974437033776
200.0 0.977279472652
300.0 0.980609203724
400.0 0.982719589744
500.0 0.984255418467
600.0 0.985445438307
800.0 0.987226673153
1000.0 0.988516876974
1250.0 0.98972506831
1500.0 0.990636834787
2000.0 0.991907263145
3000.0 0.993367843277
4000.0 0.994180205796
5000.0 0.994684764917
6000.0 0.995023149764
8000.0 0.995430860026
10000.0 0.995653487945
15000.0 0.995883651484
20000.0 0.995934182309
